# Statistics for grouped trace points from trace_group_id 133
# column 1: trace set id
# column 2: node count
# column 3: average
# column 4: std. dev
# column 5: min()
# column 6: max()
# column 7: minDev (deviation from average value computed for each ts)
# column 8: maxDev (deviation from average value computed for each ts)
# column 9: count()


# Index 0: Results for GlobalizePositions_Cntl
1531 	512 	1.23573e+06 	267283 	1.03211e+06 	2.9881e+06 	-486487 	472632 	410624
1532 	512 	1.21712e+06 	255044 	1.03998e+06 	2.71797e+06 	-578359 	390818 	410624
1533 	512 	1.23281e+06 	265377 	1.03092e+06 	2.774e+06 	-584189 	370192 	410624
1534 	512 	1.21819e+06 	251392 	1.04499e+06 	2.74801e+06 	-551028 	441516 	410624
1535 	512 	1.2291e+06 	256009 	1.02305e+06 	2.72989e+06 	-557199 	393852 	410624
1536 	512 	1.23024e+06 	264296 	1.04404e+06 	2.78902e+06 	-448030 	438363 	410624
1537 	512 	1.22144e+06 	227376 	1.03903e+06 	2.4662e+06 	-473873 	321807 	410624
1538 	512 	1.22043e+06 	251990 	1.03498e+06 	2.74801e+06 	-483944 	416128 	410624


# Index 1: Results for P2_InitialBarrier
1531 	512 	0 	0 	0 	0 	0 	0 	410624
1532 	512 	0 	0 	0 	0 	0 	0 	410624
1533 	512 	0 	0 	0 	0 	0 	0 	410624
1534 	512 	0 	0 	0 	0 	0 	0 	410624
1535 	512 	0 	0 	0 	0 	0 	0 	410624
1536 	512 	0 	0 	0 	0 	0 	0 	410624
1537 	512 	0 	0 	0 	0 	0 	0 	410624
1538 	512 	0 	0 	0 	0 	0 	0 	410624


# Index 2: Results for P2_KSpace_Control
1531 	512 	1.23034e+07 	335013 	1.1946e+07 	1.4082e+07 	-2.21494e+06 	1.07118e+06 	410624
1532 	512 	1.22714e+07 	318925 	1.19359e+07 	1.39019e+07 	-2.46463e+06 	1.12927e+06 	410624
1533 	512 	1.23023e+07 	330599 	1.19562e+07 	1.3937e+07 	-2.08876e+06 	1.03501e+06 	410624
1534 	512 	1.22858e+07 	333832 	1.1945e+07 	1.38979e+07 	-2.26804e+06 	1.1064e+06 	410624
1535 	512 	1.22791e+07 	327762 	1.19171e+07 	1.3845e+07 	-2.31946e+06 	1.11476e+06 	410624
1536 	512 	1.22807e+07 	327572 	1.19219e+07 	1.38021e+07 	-1.89326e+06 	1.18071e+06 	410624
1537 	512 	1.22789e+07 	316585 	1.19221e+07 	1.37081e+07 	-1.64255e+06 	1.11182e+06 	410624
1538 	512 	1.22776e+07 	327814 	1.19548e+07 	1.3819e+07 	-2.32353e+06 	919435 	410624


# Index 3: Results for P2_Simtick_Loop_Control
1531 	512 	2.00633e+07 	1.78397e+07 	1.61951e+07 	2.11037e+08 	-601662 	610219 	410624
1532 	512 	2.00249e+07 	1.52721e+07 	1.62549e+07 	1.89806e+08 	-568867 	541435 	410624
1533 	512 	2.00218e+07 	1.77499e+07 	1.62301e+07 	1.99836e+08 	-573828 	554299 	410624
1534 	512 	2.0062e+07 	1.86799e+07 	1.62089e+07 	2.04734e+08 	-538072 	565587 	410624
1535 	512 	2.00295e+07 	1.85119e+07 	1.61881e+07 	1.98741e+08 	-476847 	474924 	410624
1536 	512 	2.00743e+07 	1.94086e+07 	1.61281e+07 	2.17322e+08 	-476166 	437230 	410624
1537 	512 	2.00542e+07 	1.86011e+07 	1.617e+07 	2.17603e+08 	-508946 	504293 	410624
1538 	512 	2.00487e+07 	1.68212e+07 	1.6185e+07 	1.85124e+08 	-481941 	484919 	410624


# Index 4: Results for P3ME_ForwardFFT_Control
1531 	512 	4.47054e+06 	222044 	3.89981e+06 	4.96793e+06 	-569522 	439916 	410624
1532 	512 	4.45963e+06 	221075 	3.9022e+06 	4.915e+06 	-554845 	430117 	410624
1533 	512 	4.48688e+06 	225249 	3.88384e+06 	4.97508e+06 	-602054 	447642 	410624
1534 	512 	4.4725e+06 	221957 	3.896e+06 	4.987e+06 	-587626 	439581 	410624
1535 	512 	4.46104e+06 	223521 	3.91388e+06 	4.9541e+06 	-569196 	488218 	410624
1536 	512 	4.46804e+06 	217768 	3.90506e+06 	4.92501e+06 	-573113 	442381 	410624
1537 	512 	4.46669e+06 	220874 	3.88908e+06 	4.93216e+06 	-567948 	438797 	410624
1538 	512 	4.46839e+06 	216275 	3.91889e+06 	4.95195e+06 	-546814 	434164 	410624


# Index 5: Results for P3ME_Rev_FFT
1531 	512 	5.05526e+06 	221501 	4.7071e+06 	5.60594e+06 	-353914 	478034 	410624
1532 	512 	5.04927e+06 	220907 	4.69494e+06 	5.59902e+06 	-345016 	465461 	410624
1533 	512 	5.04731e+06 	220971 	4.68111e+06 	5.58782e+06 	-328120 	474342 	410624
1534 	512 	5.04798e+06 	220485 	4.69899e+06 	5.55706e+06 	-359228 	479228 	410624
1535 	512 	5.04882e+06 	220965 	4.68993e+06 	5.57709e+06 	-341701 	482899 	410624
1536 	512 	5.0473e+06 	220355 	4.704e+06 	5.60999e+06 	-360837 	472186 	410624
1537 	512 	5.04699e+06 	220599 	4.69804e+06 	5.56398e+06 	-345986 	471074 	410624
1538 	512 	5.04713e+06 	220399 	4.70304e+06 	5.584e+06 	-325608 	471267 	410624


# Index 6: Results for RealSpaceAddForces
1531 	512 	839110 	317334 	648975 	2.98309e+06 	-659219 	899946 	410624
1532 	512 	831317 	295847 	644922 	2.94113e+06 	-710257 	954805 	410624
1533 	512 	830268 	293199 	643968 	2.86412e+06 	-627889 	865041 	410624
1534 	512 	830127 	290514 	627994 	2.82002e+06 	-669152 	841270 	410624
1535 	512 	831085 	293411 	617980 	2.80809e+06 	-756899 	820274 	410624
1536 	512 	836676 	308760 	616788 	2.841e+06 	-674560 	774544 	410624
1537 	512 	827394 	281485 	651837 	2.76089e+06 	-643628 	817573 	410624
1538 	512 	834625 	303356 	634908 	2.8131e+06 	-781331 	785756 	410624


# Index 7: Results for RealSpaceDualCore
1531 	512 	910194 	3.40854e+06 	14782 	2.26061e+07 	-5.51677e+06 	8.76553e+06 	410624
1532 	512 	888853 	3.35286e+06 	14782 	2.08721e+07 	-6.1672e+06 	6.80349e+06 	410624
1533 	512 	865844 	3.31173e+06 	14782 	2.12832e+07 	-5.36512e+06 	7.12683e+06 	410624
1534 	512 	880669 	3.33113e+06 	15020 	2.05131e+07 	-5.4509e+06 	6.68716e+06 	410624
1535 	512 	882585 	3.33411e+06 	15020 	2.03018e+07 	-5.83152e+06 	6.57465e+06 	410624
1536 	512 	892551 	3.37376e+06 	14782 	2.03381e+07 	-6.18384e+06 	6.29551e+06 	410624
1537 	512 	883363 	3.33638e+06 	15020 	1.98052e+07 	-6.09123e+06 	5.70004e+06 	410624
1538 	512 	889517 	3.36469e+06 	14782 	2.16529e+07 	-5.57816e+06 	7.5251e+06 	410624


# Index 8: Results for ReduceForces_Cntl
1531 	512 	1.65132e+06 	1.97188e+06 	808000 	1.6494e+07 	-8.97735e+06 	6.03267e+06 	410624
1532 	512 	1.9487e+06 	1.77339e+06 	839949 	1.5095e+07 	-6.77056e+06 	6.54889e+06 	410624
1533 	512 	1.62869e+06 	1.98987e+06 	801086 	1.54941e+07 	-7.76497e+06 	5.89704e+06 	410624
1534 	512 	1.56329e+06 	1.78638e+06 	810861 	1.4406e+07 	-6.8667e+06 	5.65849e+06 	410624
1535 	512 	1.55783e+06 	1.74145e+06 	802040 	1.4354e+07 	-6.87586e+06 	5.90308e+06 	410624
1536 	512 	1.48948e+06 	1.64585e+06 	773907 	1.44522e+07 	-6.51838e+06 	6.39361e+06 	410624
1537 	512 	1.5884e+06 	1.6451e+06 	820875 	1.40231e+07 	-6.01826e+06 	6.53345e+06 	410624
1538 	512 	1.7798e+06 	2.09349e+06 	812054 	1.668e+07 	-8.67577e+06 	5.98132e+06 	410624


# Index 9: Results for _remd_allreduce_energies_
1531 	512 	1.68248e+13 	NaNQ 	-1.99332e+14 	3.46271e+18 	-1.36928e+16 	3.44921e+18 	410624
1532 	512 	1.68248e+13 	NaNQ 	-1.99332e+14 	3.46271e+18 	-1.36928e+16 	3.44921e+18 	410624
1533 	512 	1.68248e+13 	NaNQ 	-1.99332e+14 	3.46271e+18 	-1.36928e+16 	3.44921e+18 	410624
1534 	512 	1.68248e+13 	NaNQ 	-1.99332e+14 	3.46271e+18 	-1.36928e+16 	3.44921e+18 	410624
1535 	512 	1.68248e+13 	NaNQ 	-1.99332e+14 	3.46271e+18 	-1.36928e+16 	3.44921e+18 	410624
1536 	512 	1.68248e+13 	NaNQ 	-1.99332e+14 	3.46271e+18 	-1.36928e+16 	3.44921e+18 	410624
1537 	512 	1.68248e+13 	NaNQ 	-1.99332e+14 	3.46271e+18 	-1.36928e+16 	3.44921e+18 	410624
1538 	512 	1.68248e+13 	NaNQ 	-1.99332e+14 	3.46271e+18 	-1.36928e+16 	3.44921e+18 	410624


# Index 10: Results for _remd_copy_energies_
1531 	512 	8.43279e+12 	NaNQ 	0 	3.46271e+18 	-6.7631e+15 	3.45594e+18 	410624
1532 	512 	8.43279e+12 	NaNQ 	0 	3.46271e+18 	-6.7631e+15 	3.45594e+18 	410624
1533 	512 	8.43279e+12 	NaNQ 	0 	3.46271e+18 	-6.7631e+15 	3.45594e+18 	410624
1534 	512 	8.43279e+12 	NaNQ 	0 	3.46271e+18 	-6.7631e+15 	3.45594e+18 	410624
1535 	512 	8.43279e+12 	NaNQ 	0 	3.46271e+18 	-6.7631e+15 	3.45594e+18 	410624
1536 	512 	8.43279e+12 	NaNQ 	0 	3.46271e+18 	-6.7631e+15 	3.45594e+18 	410624
1537 	512 	8.43279e+12 	NaNQ 	0 	3.46271e+18 	-6.7631e+15 	3.45594e+18 	410624
1538 	512 	8.43279e+12 	NaNQ 	0 	3.46271e+18 	-6.7631e+15 	3.45594e+18 	410624


# Index 11: Results for _remd_swapping_step
1531 	512 	8.43279e+12 	NaNQ 	0 	3.46271e+18 	-6.7631e+15 	3.45594e+18 	410624
1532 	512 	8.43279e+12 	NaNQ 	0 	3.46271e+18 	-6.7631e+15 	3.45594e+18 	410624
1533 	512 	8.43279e+12 	NaNQ 	0 	3.46271e+18 	-6.7631e+15 	3.45594e+18 	410624
1534 	512 	8.43279e+12 	NaNQ 	0 	3.46271e+18 	-6.7631e+15 	3.45594e+18 	410624
1535 	512 	8.43279e+12 	NaNQ 	0 	3.46271e+18 	-6.7631e+15 	3.45594e+18 	410624
1536 	512 	8.43279e+12 	NaNQ 	0 	3.46271e+18 	-6.7631e+15 	3.45594e+18 	410624
1537 	512 	8.43279e+12 	NaNQ 	0 	3.46271e+18 	-6.7631e+15 	3.45594e+18 	410624
1538 	512 	8.43279e+12 	NaNQ 	0 	3.46271e+18 	-6.7631e+15 	3.45594e+18 	410624
