# Statistics for grouped trace points from trace_group_id 128
# column 1: trace set id
# column 2: node count
# column 3: average
# column 4: std. dev
# column 5: min()
# column 6: max()
# column 7: minDev (deviation from average value computed for each ts)
# column 8: maxDev (deviation from average value computed for each ts)
# column 9: count()


# Index 0: Results for GlobalizePositions_Cntl
1427 	128 	2.46356e+06 	670108 	2.1112e+06 	6.31404e+06 	-1.24621e+06 	778920 	128000
1428 	128 	2.46429e+06 	673403 	2.12002e+06 	6.15907e+06 	-1.21483e+06 	640258 	128000
1429 	128 	2.4646e+06 	673378 	2.11501e+06 	6.33597e+06 	-1.25032e+06 	809144 	128000
1430 	128 	2.46427e+06 	672181 	2.11e+06 	6.176e+06 	-1.27071e+06 	691482 	128000
1431 	128 	2.46469e+06 	672668 	2.11501e+06 	6.21486e+06 	-1.2683e+06 	661663 	128000
1432 	128 	2.46464e+06 	671969 	2.11501e+06 	6.17099e+06 	-1.28242e+06 	648763 	128000
1433 	128 	2.46462e+06 	671098 	2.11406e+06 	6.20794e+06 	-1.24132e+06 	675704 	128000
1434 	128 	2.46517e+06 	674707 	2.11883e+06 	6.35004e+06 	-1.30467e+06 	724816 	128000
1435 	128 	2.46501e+06 	675208 	2.11286e+06 	6.20508e+06 	-1.26721e+06 	714148 	128000
1436 	128 	2.4652e+06 	675938 	2.09594e+06 	6.23012e+06 	-1.25913e+06 	703256 	128000
1437 	128 	2.46442e+06 	672984 	2.12002e+06 	6.24299e+06 	-1.26598e+06 	668462 	128000
1438 	128 	2.46442e+06 	672063 	2.11906e+06 	6.26516e+06 	-1.28975e+06 	736370 	128000
1439 	128 	2.46497e+06 	674973 	2.12097e+06 	6.25682e+06 	-1.29897e+06 	710698 	128000
1440 	128 	2.465e+06 	676937 	2.12407e+06 	6.31618e+06 	-1.26903e+06 	748383 	128000
1441 	128 	2.4657e+06 	676054 	2.10404e+06 	6.17695e+06 	-1.25537e+06 	652459 	128000
1442 	128 	2.46584e+06 	679550 	2.11811e+06 	6.21414e+06 	-1.30323e+06 	703437 	128000
1443 	128 	2.47305e+06 	688577 	2.12097e+06 	6.38199e+06 	-1.37974e+06 	754086 	128000
1444 	128 	2.47496e+06 	687617 	2.12693e+06 	6.37698e+06 	-1.33791e+06 	691976 	128000
1445 	128 	2.47738e+06 	687806 	2.11406e+06 	6.31213e+06 	-1.33431e+06 	697965 	128000
1446 	128 	2.47677e+06 	687096 	2.12812e+06 	6.30713e+06 	-1.41924e+06 	742520 	128000
1447 	128 	2.47797e+06 	689269 	2.12502e+06 	6.35791e+06 	-1.41257e+06 	707431 	128000
1448 	128 	2.47695e+06 	685207 	2.13289e+06 	6.30712e+06 	-1.27131e+06 	707239 	128000
1449 	128 	2.47722e+06 	684821 	2.12693e+06 	6.26397e+06 	-1.31994e+06 	708673 	128000
1450 	128 	2.47776e+06 	688900 	2.1112e+06 	6.3951e+06 	-1.34234e+06 	765885 	128000
1451 	128 	2.47491e+06 	688329 	2.09904e+06 	6.35314e+06 	-1.30092e+06 	715781 	128000
1452 	128 	2.47695e+06 	687295 	2.13003e+06 	6.45494e+06 	-1.35545e+06 	752283 	128000
1453 	128 	2.47622e+06 	684100 	2.13098e+06 	6.27804e+06 	-1.30113e+06 	644764 	128000
1454 	128 	2.47742e+06 	687368 	2.12884e+06 	6.32596e+06 	-1.39662e+06 	669059 	128000
1455 	128 	2.47693e+06 	684934 	2.12789e+06 	6.30188e+06 	-1.28851e+06 	685059 	128000
1456 	128 	2.47796e+06 	689852 	2.11692e+06 	6.35195e+06 	-1.32179e+06 	728056 	128000
1457 	128 	2.47758e+06 	686605 	2.12216e+06 	6.34217e+06 	-1.33886e+06 	777723 	128000
1458 	128 	2.47784e+06 	686893 	2.12812e+06 	6.423e+06 	-1.36429e+06 	729501 	128000


# Index 1: Results for P2_InitialBarrier
1427 	128 	0 	0 	0 	0 	0 	0 	128000
1428 	128 	0 	0 	0 	0 	0 	0 	128000
1429 	128 	0 	0 	0 	0 	0 	0 	128000
1430 	128 	0 	0 	0 	0 	0 	0 	128000
1431 	128 	0 	0 	0 	0 	0 	0 	128000
1432 	128 	0 	0 	0 	0 	0 	0 	128000
1433 	128 	0 	0 	0 	0 	0 	0 	128000
1434 	128 	0 	0 	0 	0 	0 	0 	128000
1435 	128 	0 	0 	0 	0 	0 	0 	128000
1436 	128 	0 	0 	0 	0 	0 	0 	128000
1437 	128 	0 	0 	0 	0 	0 	0 	128000
1438 	128 	0 	0 	0 	0 	0 	0 	128000
1439 	128 	0 	0 	0 	0 	0 	0 	128000
1440 	128 	0 	0 	0 	0 	0 	0 	128000
1441 	128 	0 	0 	0 	0 	0 	0 	128000
1442 	128 	0 	0 	0 	0 	0 	0 	128000
1443 	128 	0 	0 	0 	0 	0 	0 	128000
1444 	128 	0 	0 	0 	0 	0 	0 	128000
1445 	128 	0 	0 	0 	0 	0 	0 	128000
1446 	128 	0 	0 	0 	0 	0 	0 	128000
1447 	128 	0 	0 	0 	0 	0 	0 	128000
1448 	128 	0 	0 	0 	0 	0 	0 	128000
1449 	128 	0 	0 	0 	0 	0 	0 	128000
1450 	128 	0 	0 	0 	0 	0 	0 	128000
1451 	128 	0 	0 	0 	0 	0 	0 	128000
1452 	128 	0 	0 	0 	0 	0 	0 	128000
1453 	128 	0 	0 	0 	0 	0 	0 	128000
1454 	128 	0 	0 	0 	0 	0 	0 	128000
1455 	128 	0 	0 	0 	0 	0 	0 	128000
1456 	128 	0 	0 	0 	0 	0 	0 	128000
1457 	128 	0 	0 	0 	0 	0 	0 	128000
1458 	128 	0 	0 	0 	0 	0 	0 	128000


# Index 2: Results for P2_KSpace_Control
1427 	128 	3.93364e+07 	689897 	3.87199e+07 	4.32179e+07 	-6.06815e+06 	1.51945e+06 	128000
1428 	128 	3.93321e+07 	689318 	3.87192e+07 	4.3139e+07 	-6.02796e+06 	1.52892e+06 	128000
1429 	128 	3.93407e+07 	690049 	3.8734e+07 	4.31771e+07 	-6.03882e+06 	1.49212e+06 	128000
1430 	128 	3.93382e+07 	688167 	3.8733e+07 	4.3149e+07 	-6.04015e+06 	1.56938e+06 	128000
1431 	128 	3.93375e+07 	690496 	3.8729e+07 	4.30839e+07 	-6.00809e+06 	1.54102e+06 	128000
1432 	128 	3.93426e+07 	688541 	3.8708e+07 	4.31192e+07 	-6.01278e+06 	1.53925e+06 	128000
1433 	128 	3.93414e+07 	691648 	3.87192e+07 	4.31149e+07 	-6.04266e+06 	1.52253e+06 	128000
1434 	128 	3.9339e+07 	690371 	3.8708e+07 	4.31759e+07 	-6.0394e+06 	1.53221e+06 	128000
1435 	128 	3.93373e+07 	690529 	3.8738e+07 	4.3191e+07 	-6.052e+06 	1.51764e+06 	128000
1436 	128 	3.9341e+07 	689495 	3.87421e+07 	4.30491e+07 	-6.03782e+06 	1.52592e+06 	128000
1437 	128 	3.93438e+07 	689143 	3.87251e+07 	4.31612e+07 	-6.01798e+06 	1.55676e+06 	128000
1438 	128 	3.93432e+07 	691735 	3.87199e+07 	4.31981e+07 	-6.02597e+06 	1.53581e+06 	128000
1439 	128 	3.93391e+07 	688760 	3.87161e+07 	4.31349e+07 	-6.05116e+06 	1.5309e+06 	128000
1440 	128 	3.9334e+07 	688836 	3.8712e+07 	4.32272e+07 	-6.03327e+06 	1.49671e+06 	128000
1441 	128 	3.93434e+07 	688854 	3.87199e+07 	4.31221e+07 	-6.03882e+06 	1.51469e+06 	128000
1442 	128 	3.93334e+07 	693121 	3.8712e+07 	4.3148e+07 	-6.03137e+06 	1.52307e+06 	128000
1443 	128 	3.93503e+07 	694877 	3.8764e+07 	4.3433e+07 	-6.04994e+06 	1.49818e+06 	128000
1444 	128 	3.93496e+07 	696257 	3.87509e+07 	4.32799e+07 	-6.02837e+06 	1.5644e+06 	128000
1445 	128 	3.93431e+07 	692855 	3.87352e+07 	4.3216e+07 	-6.03563e+06 	1.53571e+06 	128000
1446 	128 	3.93421e+07 	690177 	3.87349e+07 	4.3189e+07 	-6.04982e+06 	1.52381e+06 	128000
1447 	128 	3.93447e+07 	695211 	3.87261e+07 	4.3292e+07 	-6.02087e+06 	1.544e+06 	128000
1448 	128 	3.93363e+07 	694326 	3.87442e+07 	4.31781e+07 	-6.03871e+06 	1.50632e+06 	128000
1449 	128 	3.93387e+07 	691381 	3.87082e+07 	4.3174e+07 	-6.02092e+06 	1.50284e+06 	128000
1450 	128 	3.93392e+07 	695117 	3.86999e+07 	4.33421e+07 	-6.0267e+06 	1.49858e+06 	128000
1451 	128 	3.93486e+07 	701307 	3.87189e+07 	4.31828e+07 	-6.03573e+06 	1.48814e+06 	128000
1452 	128 	3.93421e+07 	694268 	3.87218e+07 	4.3247e+07 	-6.02865e+06 	1.53908e+06 	128000
1453 	128 	3.93452e+07 	692861 	3.87068e+07 	4.31728e+07 	-6.03154e+06 	1.53172e+06 	128000
1454 	128 	3.93447e+07 	693506 	3.87111e+07 	4.3277e+07 	-6.02692e+06 	1.47203e+06 	128000
1455 	128 	3.9342e+07 	690931 	3.87361e+07 	4.3149e+07 	-6.04261e+06 	1.58628e+06 	128000
1456 	128 	3.93376e+07 	694420 	3.8722e+07 	4.32651e+07 	-6.02436e+06 	1.54529e+06 	128000
1457 	128 	3.93426e+07 	692683 	3.8729e+07 	4.32699e+07 	-6.03936e+06 	1.5652e+06 	128000
1458 	128 	3.93368e+07 	690826 	3.8713e+07 	4.3191e+07 	-6.03235e+06 	1.49079e+06 	128000


# Index 3: Results for P2_Simtick_Loop_Control
1427 	128 	5.89193e+07 	2.52824e+07 	5.14212e+07 	1.80216e+08 	-2.24115e+11 	9.05321e+10 	128000
1428 	128 	5.89205e+07 	2.53081e+07 	5.142e+07 	1.80565e+08 	-2.24115e+11 	9.05316e+10 	128000
1429 	128 	5.89205e+07 	2.52851e+07 	5.141e+07 	1.80483e+08 	-1.70402e+11 	1.35309e+11 	128000
1430 	128 	5.89209e+07 	2.53003e+07 	5.141e+07 	1.80699e+08 	-1.70402e+11 	1.35309e+11 	128000
1431 	128 	5.89205e+07 	2.52786e+07 	5.14278e+07 	1.80057e+08 	-2.13898e+11 	7.98483e+10 	128000
1432 	128 	5.89205e+07 	2.5262e+07 	5.14431e+07 	1.79604e+08 	-2.13898e+11 	7.98478e+10 	128000
1433 	128 	5.89194e+07 	2.52481e+07 	5.1425e+07 	1.79959e+08 	-1.03715e+11 	1.77036e+11 	128000
1434 	128 	5.89211e+07 	2.52935e+07 	5.1429e+07 	1.805e+08 	-1.03715e+11 	1.77036e+11 	128000
1435 	128 	5.89199e+07 	2.52655e+07 	5.1435e+07 	1.80033e+08 	-1.41994e+11 	1.38677e+11 	128000
1436 	128 	5.8921e+07 	2.52728e+07 	5.1425e+07 	1.79557e+08 	-1.41994e+11 	1.38677e+11 	128000
1437 	128 	5.89197e+07 	2.52115e+07 	5.14309e+07 	1.78644e+08 	-3.51295e+10 	3.50693e+10 	128000
1438 	128 	5.89193e+07 	2.52298e+07 	5.14119e+07 	1.79205e+08 	-3.51295e+10 	3.50689e+10 	128000
1439 	128 	5.89194e+07 	2.52304e+07 	5.14619e+07 	1.79059e+08 	-1.9319e+11 	7.21059e+10 	128000
1440 	128 	5.89202e+07 	2.52962e+07 	5.1434e+07 	1.79971e+08 	-1.9319e+11 	7.21064e+10 	128000
1441 	128 	5.892e+07 	2.52318e+07 	5.1446e+07 	1.79361e+08 	-3.48391e+09 	9.39713e+09 	128000
1442 	128 	5.89207e+07 	2.53027e+07 	5.14312e+07 	1.80743e+08 	-3.48389e+09 	9.39713e+09 	128000
1443 	128 	5.89213e+07 	2.51862e+07 	5.14598e+07 	1.77808e+08 	-2.13921e+11 	7.86576e+10 	128000
1444 	128 	5.89205e+07 	2.52024e+07 	5.14481e+07 	1.77844e+08 	-2.13921e+11 	7.86581e+10 	128000
1445 	128 	5.89209e+07 	2.51609e+07 	5.14259e+07 	1.77522e+08 	-1.52714e+11 	1.28211e+11 	128000
1446 	128 	5.89193e+07 	2.51582e+07 	5.14469e+07 	1.77072e+08 	-1.52714e+11 	1.28211e+11 	128000
1447 	128 	5.89199e+07 	2.5184e+07 	5.1414e+07 	1.77696e+08 	-2.19055e+11 	9.47724e+10 	128000
1448 	128 	5.89187e+07 	2.5202e+07 	5.14672e+07 	1.78588e+08 	-2.19055e+11 	9.47729e+10 	128000
1449 	128 	5.89202e+07 	2.51949e+07 	5.1445e+07 	1.77756e+08 	-1.41943e+11 	1.5076e+11 	128000
1450 	128 	5.892e+07 	2.52062e+07 	5.13928e+07 	1.77908e+08 	-1.41943e+11 	1.5076e+11 	128000
1451 	128 	5.89204e+07 	2.51708e+07 	5.14569e+07 	1.77119e+08 	-8.45575e+09 	2.46503e+10 	128000
1452 	128 	5.89204e+07 	2.51993e+07 	5.14369e+07 	1.77959e+08 	-8.45579e+09 	2.46507e+10 	128000
1453 	128 	5.89201e+07 	2.51898e+07 	5.13961e+07 	1.7811e+08 	-1.37412e+11 	1.37093e+11 	128000
1454 	128 	5.89212e+07 	2.52046e+07 	5.14071e+07 	1.77876e+08 	-1.37412e+11 	1.37093e+11 	128000
1455 	128 	5.89201e+07 	2.51867e+07 	5.14328e+07 	1.77689e+08 	-7.53287e+10 	1.98253e+11 	128000
1456 	128 	5.89203e+07 	2.52064e+07 	5.14171e+07 	1.77537e+08 	-7.53287e+10 	1.98253e+11 	128000
1457 	128 	5.89211e+07 	2.51937e+07 	5.1424e+07 	1.77638e+08 	-1.71636e+11 	6.34073e+10 	128000
1458 	128 	5.89198e+07 	2.52118e+07 	5.143e+07 	1.78161e+08 	-1.71636e+11 	6.34074e+10 	128000


# Index 4: Results for P3ME_ForwardFFT_Control
1427 	128 	1.22274e+07 	432693 	1.13368e+07 	1.3164e+07 	-880616 	827486 	128000
1428 	128 	1.22268e+07 	431991 	1.1333e+07 	1.31769e+07 	-894368 	831514 	128000
1429 	128 	1.22334e+07 	430447 	1.13142e+07 	1.3166e+07 	-907125 	817616 	128000
1430 	128 	1.22321e+07 	432599 	1.13311e+07 	1.317e+07 	-920205 	793721 	128000
1431 	128 	1.22334e+07 	433226 	1.1313e+07 	1.31609e+07 	-905750 	821993 	128000
1432 	128 	1.22372e+07 	435823 	1.13349e+07 	1.31841e+07 	-897098 	812582 	128000
1433 	128 	1.22399e+07 	435809 	1.1328e+07 	1.3181e+07 	-900254 	811648 	128000
1434 	128 	1.22341e+07 	433937 	1.1307e+07 	1.3175e+07 	-901087 	808231 	128000
1435 	128 	1.2237e+07 	433369 	1.13411e+07 	1.31562e+07 	-892232 	819806 	128000
1436 	128 	1.2237e+07 	434837 	1.13189e+07 	1.31731e+07 	-889648 	811339 	128000
1437 	128 	1.22408e+07 	436072 	1.1327e+07 	1.3159e+07 	-929462 	818819 	128000
1438 	128 	1.22394e+07 	435899 	1.1328e+07 	1.31719e+07 	-913749 	812888 	128000
1439 	128 	1.22329e+07 	431258 	1.13199e+07 	1.3202e+07 	-900513 	825725 	128000
1440 	128 	1.22289e+07 	431285 	1.13239e+07 	1.31741e+07 	-889419 	794296 	128000
1441 	128 	1.22353e+07 	432032 	1.13289e+07 	1.31369e+07 	-889831 	824742 	128000
1442 	128 	1.22293e+07 	431376 	1.13151e+07 	1.31731e+07 	-896692 	865014 	128000
1443 	128 	1.22416e+07 	424925 	1.13161e+07 	1.3207e+07 	-920497 	808112 	128000
1444 	128 	1.22396e+07 	427967 	1.1323e+07 	1.3155e+07 	-902982 	823185 	128000
1445 	128 	1.22323e+07 	435623 	1.13201e+07 	1.3207e+07 	-916166 	820346 	128000
1446 	128 	1.22317e+07 	433872 	1.13311e+07 	1.31731e+07 	-922686 	830512 	128000
1447 	128 	1.22342e+07 	431845 	1.13192e+07 	1.3206e+07 	-892367 	815281 	128000
1448 	128 	1.22256e+07 	432985 	1.13282e+07 	1.3211e+07 	-900781 	819812 	128000
1449 	128 	1.22278e+07 	432029 	1.1306e+07 	1.3154e+07 	-900126 	804225 	128000
1450 	128 	1.22283e+07 	430912 	1.1317e+07 	1.32041e+07 	-905452 	836994 	128000
1451 	128 	1.22392e+07 	426623 	1.13261e+07 	1.31571e+07 	-912319 	796075 	128000
1452 	128 	1.22351e+07 	429292 	1.13199e+07 	1.31629e+07 	-894478 	810603 	128000
1453 	128 	1.22379e+07 	426510 	1.13499e+07 	1.31731e+07 	-926465 	814107 	128000
1454 	128 	1.22367e+07 	427224 	1.13502e+07 	1.32079e+07 	-894896 	869294 	128000
1455 	128 	1.22316e+07 	430991 	1.13261e+07 	1.3248e+07 	-905471 	828541 	128000
1456 	128 	1.22286e+07 	431962 	1.1328e+07 	1.31478e+07 	-882916 	834407 	128000
1457 	128 	1.22318e+07 	428824 	1.1349e+07 	1.31772e+07 	-893013 	816502 	128000
1458 	128 	1.22286e+07 	430294 	1.1338e+07 	1.31521e+07 	-921127 	819083 	128000


# Index 5: Results for P3ME_Rev_FFT
1427 	128 	1.57994e+07 	423710 	1.52369e+07 	1.67339e+07 	-586160 	912679 	128000
1428 	128 	1.57959e+07 	422816 	1.52371e+07 	1.6679e+07 	-584275 	885066 	128000
1429 	128 	1.57969e+07 	422294 	1.5233e+07 	1.6757e+07 	-597913 	895354 	128000
1430 	128 	1.5796e+07 	424720 	1.52099e+07 	1.66881e+07 	-604732 	885211 	128000
1431 	128 	1.58013e+07 	419024 	1.52249e+07 	1.6741e+07 	-570120 	881482 	128000
1432 	128 	1.58108e+07 	413741 	1.52352e+07 	1.67389e+07 	-633382 	876625 	128000
1433 	128 	1.58127e+07 	414325 	1.52349e+07 	1.68211e+07 	-592133 	936054 	128000
1434 	128 	1.58018e+07 	419406 	1.5234e+07 	1.66521e+07 	-585482 	874279 	128000
1435 	128 	1.58072e+07 	411178 	1.5214e+07 	1.67379e+07 	-608828 	873120 	128000
1436 	128 	1.58134e+07 	407408 	1.524e+07 	1.6722e+07 	-589641 	889028 	128000
1437 	128 	1.58306e+07 	393027 	1.5223e+07 	1.67019e+07 	-607528 	868927 	128000
1438 	128 	1.58261e+07 	397194 	1.5224e+07 	1.67069e+07 	-627804 	859852 	128000
1439 	128 	1.5808e+07 	418712 	1.5228e+07 	1.68221e+07 	-590988 	933452 	128000
1440 	128 	1.57964e+07 	421134 	1.524e+07 	1.67601e+07 	-582163 	878347 	128000
1441 	128 	1.58096e+07 	419477 	1.52309e+07 	1.68219e+07 	-598239 	922248 	128000
1442 	128 	1.57932e+07 	422336 	1.5229e+07 	1.6778e+07 	-594244 	895612 	128000
1443 	128 	1.58212e+07 	441620 	1.52299e+07 	1.6809e+07 	-590037 	930960 	128000
1444 	128 	1.58128e+07 	434271 	1.52161e+07 	1.68569e+07 	-612380 	930325 	128000
1445 	128 	1.58172e+07 	410528 	1.5223e+07 	1.6726e+07 	-608886 	875618 	128000
1446 	128 	1.58093e+07 	415751 	1.5228e+07 	1.6757e+07 	-607356 	880817 	128000
1447 	128 	1.58019e+07 	418884 	1.51999e+07 	1.68099e+07 	-594187 	890078 	128000
1448 	128 	1.57981e+07 	423790 	1.5244e+07 	1.67742e+07 	-602966 	888185 	128000
1449 	128 	1.57984e+07 	422883 	1.52352e+07 	1.67708e+07 	-572394 	898328 	128000
1450 	128 	1.57973e+07 	422175 	1.52411e+07 	1.67751e+07 	-589419 	874989 	128000
1451 	128 	1.58183e+07 	435649 	1.5238e+07 	1.67391e+07 	-628395 	866594 	128000
1452 	128 	1.58073e+07 	434243 	1.52218e+07 	1.67501e+07 	-615107 	894163 	128000
1453 	128 	1.58058e+07 	435546 	1.52361e+07 	1.6818e+07 	-592822 	883844 	128000
1454 	128 	1.57991e+07 	427159 	1.5229e+07 	1.67379e+07 	-648027 	891875 	128000
1455 	128 	1.58027e+07 	430128 	1.5229e+07 	1.68219e+07 	-574880 	949509 	128000
1456 	128 	1.57971e+07 	423864 	1.5197e+07 	1.67801e+07 	-605990 	951312 	128000
1457 	128 	1.58046e+07 	432296 	1.5229e+07 	1.6824e+07 	-627393 	954837 	128000
1458 	128 	1.57982e+07 	424662 	1.5233e+07 	1.6772e+07 	-603446 	943688 	128000


# Index 6: Results for RealSpaceAddForces
1427 	128 	1.87142e+06 	841328 	1.37496e+06 	6.77013e+06 	-854116 	1.14849e+06 	128000
1428 	128 	1.87142e+06 	841328 	1.37496e+06 	6.7699e+06 	-854221 	1.14827e+06 	128000
1429 	128 	1.87136e+06 	841339 	1.37496e+06 	6.77109e+06 	-853957 	1.14937e+06 	128000
1430 	128 	1.87135e+06 	841340 	1.37591e+06 	6.7699e+06 	-853057 	1.14822e+06 	128000
1431 	128 	1.87124e+06 	841363 	1.37496e+06 	6.77109e+06 	-852722 	1.1495e+06 	128000
1432 	128 	1.87112e+06 	841509 	1.37496e+06 	6.77109e+06 	-855438 	1.14899e+06 	128000
1433 	128 	1.87095e+06 	841599 	1.37496e+06 	6.76799e+06 	-854837 	1.14555e+06 	128000
1434 	128 	1.87126e+06 	841358 	1.37496e+06 	6.7699e+06 	-854001 	1.14839e+06 	128000
1435 	128 	1.87112e+06 	841328 	1.37496e+06 	6.77109e+06 	-852607 	1.1497e+06 	128000
1436 	128 	1.87111e+06 	841327 	1.37496e+06 	6.76703e+06 	-852602 	1.14558e+06 	128000
1437 	128 	1.87069e+06 	841617 	1.36995e+06 	6.77085e+06 	-853342 	1.14884e+06 	128000
1438 	128 	1.87083e+06 	841556 	1.37496e+06 	6.76799e+06 	-854192 	1.14601e+06 	128000
1439 	128 	1.87114e+06 	841406 	1.37496e+06 	6.76918e+06 	-853199 	1.14736e+06 	128000
1440 	128 	1.87129e+06 	841363 	1.37591e+06 	6.77204e+06 	-853972 	1.15037e+06 	128000
1441 	128 	1.87118e+06 	841359 	1.37496e+06 	6.7699e+06 	-853881 	1.14835e+06 	128000
1442 	128 	1.87136e+06 	841335 	1.37496e+06 	6.77013e+06 	-854112 	1.14845e+06 	128000
1443 	128 	1.87082e+06 	841493 	1.37591e+06 	6.76894e+06 	-854276 	1.14714e+06 	128000
1444 	128 	1.87111e+06 	841489 	1.37591e+06 	6.773e+06 	-851274 	1.15092e+06 	128000
1445 	128 	1.8711e+06 	841436 	1.37591e+06 	6.77109e+06 	-853064 	1.14918e+06 	128000
1446 	128 	1.8713e+06 	841303 	1.37591e+06 	6.77013e+06 	-851747 	1.14867e+06 	128000
1447 	128 	1.8713e+06 	841375 	1.37591e+06 	6.77013e+06 	-853777 	1.14848e+06 	128000
1448 	128 	1.87146e+06 	841325 	1.37496e+06 	6.77013e+06 	-853881 	1.14843e+06 	128000
1449 	128 	1.87146e+06 	841321 	1.37496e+06 	6.77013e+06 	-855022 	1.14845e+06 	128000
1450 	128 	1.87147e+06 	841324 	1.37496e+06 	6.7699e+06 	-853057 	1.14824e+06 	128000
1451 	128 	1.87107e+06 	841521 	1.37591e+06 	6.7699e+06 	-848604 	1.1476e+06 	128000
1452 	128 	1.87111e+06 	841408 	1.37591e+06 	6.77013e+06 	-853215 	1.14832e+06 	128000
1453 	128 	1.8711e+06 	841262 	1.37496e+06 	6.7699e+06 	-852331 	1.14876e+06 	128000
1454 	128 	1.87113e+06 	841318 	1.37496e+06 	6.77013e+06 	-852742 	1.1487e+06 	128000
1455 	128 	1.87116e+06 	841401 	1.3752e+06 	6.77085e+06 	-854421 	1.14891e+06 	128000
1456 	128 	1.87136e+06 	841331 	1.37496e+06 	6.77085e+06 	-853829 	1.14931e+06 	128000
1457 	128 	1.87117e+06 	841314 	1.3752e+06 	6.77013e+06 	-852734 	1.14878e+06 	128000
1458 	128 	1.87121e+06 	841300 	1.37591e+06 	6.77109e+06 	-852599 	1.14981e+06 	128000


# Index 7: Results for RealSpaceDualCore
1427 	128 	4.86582e+06 	1.59239e+07 	16927 	9.6513e+07 	-1.85659e+07 	2.07343e+07 	128000
1428 	128 	4.86796e+06 	1.59248e+07 	16927 	9.64789e+07 	-1.86432e+07 	2.05873e+07 	128000
1429 	128 	4.86368e+06 	1.59224e+07 	16927 	9.64959e+07 	-1.85528e+07 	2.07098e+07 	128000
1430 	128 	4.8651e+06 	1.59246e+07 	16927 	9.65581e+07 	-1.85949e+07 	2.07366e+07 	128000
1431 	128 	4.86504e+06 	1.59209e+07 	16927 	9.6355e+07 	-1.85832e+07 	2.0643e+07 	128000
1432 	128 	4.86325e+06 	1.59244e+07 	16927 	9.6544e+07 	-1.85094e+07 	2.07241e+07 	128000
1433 	128 	4.86313e+06 	1.59194e+07 	16927 	9.65362e+07 	-1.8532e+07 	2.07411e+07 	128000
1434 	128 	4.86436e+06 	1.59207e+07 	16927 	9.64789e+07 	-1.86034e+07 	2.06537e+07 	128000
1435 	128 	4.86508e+06 	1.59221e+07 	16927 	9.65939e+07 	-1.85846e+07 	2.07676e+07 	128000
1436 	128 	4.8633e+06 	1.59214e+07 	16927 	9.65829e+07 	-1.85858e+07 	2.0874e+07 	128000
1437 	128 	4.86206e+06 	1.59222e+07 	16927 	9.65271e+07 	-1.88249e+07 	2.07898e+07 	128000
1438 	128 	4.8621e+06 	1.59199e+07 	16927 	9.6529e+07 	-1.86221e+07 	2.08944e+07 	128000
1439 	128 	4.86441e+06 	1.59237e+07 	16927 	9.64172e+07 	-1.84888e+07 	2.06549e+07 	128000
1440 	128 	4.86687e+06 	1.59234e+07 	16927 	9.657e+07 	-1.85698e+07 	2.07087e+07 	128000
1441 	128 	4.86235e+06 	1.59227e+07 	16927 	9.64291e+07 	-1.85572e+07 	2.07098e+07 	128000
1442 	128 	4.86673e+06 	1.59197e+07 	16927 	9.64968e+07 	-1.85711e+07 	2.06525e+07 	128000
1443 	128 	4.85838e+06 	1.59152e+07 	16927 	9.65781e+07 	-1.85998e+07 	2.08498e+07 	128000
1444 	128 	4.85882e+06 	1.59155e+07 	16927 	9.6458e+07 	-1.85865e+07 	2.07774e+07 	128000
1445 	128 	4.86195e+06 	1.59182e+07 	16927 	9.66492e+07 	-1.86326e+07 	2.09862e+07 	128000
1446 	128 	4.86262e+06 	1.59215e+07 	16927 	9.66098e+07 	-1.85115e+07 	2.07842e+07 	128000
1447 	128 	4.86128e+06 	1.59165e+07 	16927 	9.66561e+07 	-1.86843e+07 	2.08122e+07 	128000
1448 	128 	4.86511e+06 	1.59183e+07 	16927 	9.6561e+07 	-1.84869e+07 	2.08088e+07 	128000
1449 	128 	4.86443e+06 	1.59214e+07 	16927 	9.66029e+07 	-1.84676e+07 	2.08988e+07 	128000
1450 	128 	4.8637e+06 	1.59175e+07 	16927 	9.65831e+07 	-1.83541e+07 	2.07971e+07 	128000
1451 	128 	4.85873e+06 	1.5909e+07 	16927 	9.65519e+07 	-1.85954e+07 	2.08111e+07 	128000
1452 	128 	4.86268e+06 	1.59172e+07 	16927 	9.6633e+07 	-1.84967e+07 	2.07775e+07 	128000
1453 	128 	4.86134e+06 	1.59211e+07 	16927 	9.65559e+07 	-1.8575e+07 	2.0841e+07 	128000
1454 	128 	4.86147e+06 	1.5919e+07 	16927 	9.64649e+07 	-1.84941e+07 	2.07059e+07 	128000
1455 	128 	4.86301e+06 	1.59213e+07 	16927 	9.65531e+07 	-1.84352e+07 	2.08109e+07 	128000
1456 	128 	4.8646e+06 	1.59191e+07 	16927 	9.6525e+07 	-1.86486e+07 	2.07707e+07 	128000
1457 	128 	4.86224e+06 	1.5919e+07 	16927 	9.6344e+07 	-1.84196e+07 	2.07912e+07 	128000
1458 	128 	4.86516e+06 	1.59216e+07 	16927 	9.64861e+07 	-1.84912e+07 	2.06672e+07 	128000


# Index 8: Results for ReduceForces_Cntl
1427 	128 	6.00794e+06 	4.2692e+06 	1.42002e+06 	4.27508e+07 	-2.01992e+07 	1.86341e+07 	128000
1428 	128 	6.00857e+06 	4.27242e+06 	1.38616e+06 	4.27279e+07 	-2.01795e+07 	1.85681e+07 	128000
1429 	128 	6.00639e+06 	4.26488e+06 	1.38307e+06 	4.28941e+07 	-2.01219e+07 	1.8582e+07 	128000
1430 	128 	6.00663e+06 	4.26703e+06 	1.40905e+06 	4.27539e+07 	-2.01928e+07 	1.84838e+07 	128000
1431 	128 	6.00785e+06 	4.26768e+06 	1.39999e+06 	4.2942e+07 	-2.01849e+07 	1.86347e+07 	128000
1432 	128 	6.01121e+06 	4.26628e+06 	1.41287e+06 	4.27659e+07 	-2.03669e+07 	1.84115e+07 	128000
1433 	128 	6.01294e+06 	4.26626e+06 	1.4329e+06 	4.3041e+07 	-2.02365e+07 	1.8329e+07 	128000
1434 	128 	6.00776e+06 	4.27149e+06 	1.4379e+06 	4.28481e+07 	-2.02241e+07 	1.85168e+07 	128000
1435 	128 	6.01274e+06 	4.26847e+06 	1.40619e+06 	4.29361e+07 	-2.02712e+07 	1.84505e+07 	128000
1436 	128 	6.01295e+06 	4.27346e+06 	1.41001e+06 	4.2815e+07 	-2.03417e+07 	1.84248e+07 	128000
1437 	128 	6.01965e+06 	4.26855e+06 	1.39093e+06 	4.2783e+07 	-2.01954e+07 	1.88235e+07 	128000
1438 	128 	6.01838e+06 	4.27066e+06 	1.441e+06 	4.2994e+07 	-2.04863e+07 	1.84447e+07 	128000
1439 	128 	6.01797e+06 	4.26749e+06 	1.43099e+06 	4.2711e+07 	-2.02744e+07 	1.83213e+07 	128000
1440 	128 	6.01028e+06 	4.27769e+06 	1.405e+06 	4.26831e+07 	-2.01085e+07 	1.85405e+07 	128000
1441 	128 	6.01591e+06 	4.26744e+06 	1.41311e+06 	4.25241e+07 	-2.02531e+07 	1.84143e+07 	128000
1442 	128 	6.00902e+06 	4.27476e+06 	1.39999e+06 	4.3118e+07 	-2.02485e+07 	1.84503e+07 	128000
1443 	128 	6.02014e+06 	4.27614e+06 	1.42717e+06 	4.28412e+07 	-2.04434e+07 	1.85834e+07 	128000
1444 	128 	6.01676e+06 	4.27982e+06 	1.40405e+06 	4.30291e+07 	-2.0382e+07 	1.85822e+07 	128000
1445 	128 	6.02952e+06 	4.28924e+06 	1.40596e+06 	4.2639e+07 	-2.03874e+07 	1.85443e+07 	128000
1446 	128 	6.02991e+06 	4.28591e+06 	1.44005e+06 	4.27251e+07 	-2.01731e+07 	1.83631e+07 	128000
1447 	128 	6.02166e+06 	4.28434e+06 	1.42479e+06 	4.30222e+07 	-2.04562e+07 	1.8499e+07 	128000
1448 	128 	6.02105e+06 	4.28431e+06 	1.436e+06 	4.2784e+07 	-2.02674e+07 	1.83132e+07 	128000
1449 	128 	6.02142e+06 	4.286e+06 	1.43194e+06 	4.2825e+07 	-2.03323e+07 	1.83664e+07 	128000
1450 	128 	6.02112e+06 	4.28757e+06 	1.42884e+06 	4.2727e+07 	-2.02374e+07 	1.81963e+07 	128000
1451 	128 	6.0238e+06 	4.28686e+06 	1.41501e+06 	4.2767e+07 	-2.03046e+07 	1.85686e+07 	128000
1452 	128 	6.02232e+06 	4.28932e+06 	1.441e+06 	4.28162e+07 	-2.04055e+07 	1.84549e+07 	128000
1453 	128 	6.01761e+06 	4.28148e+06 	1.45102e+06 	4.29189e+07 	-2.03327e+07 	1.85135e+07 	128000
1454 	128 	6.0198e+06 	4.2899e+06 	1.45412e+06 	4.28071e+07 	-2.00787e+07 	1.84012e+07 	128000
1455 	128 	6.02166e+06 	4.28531e+06 	1.46699e+06 	4.28171e+07 	-2.04192e+07 	1.828e+07 	128000
1456 	128 	6.02174e+06 	4.28886e+06 	1.41907e+06 	4.27141e+07 	-2.0074e+07 	1.84359e+07 	128000
1457 	128 	6.02163e+06 	4.28684e+06 	1.39809e+06 	4.26891e+07 	-2.02643e+07 	1.84294e+07 	128000
1458 	128 	6.02055e+06 	4.28525e+06 	1.405e+06 	4.2841e+07 	-2.03147e+07 	1.82491e+07 	128000


# Index 9: Results for _remd_allreduce_energies_
1427 	128 	46718.1 	467042 	0 	5.4071e+06 	-1.91825e+13 	5.46065e+13 	128000
1428 	128 	50791.4 	507239 	0 	5.70583e+06 	-1.91825e+13 	5.46065e+13 	128000
1429 	128 	47777.4 	477578 	0 	5.98598e+06 	-1.90277e+13 	5.45308e+13 	128000
1430 	128 	50800.3 	508188 	0 	6.23512e+06 	-1.90277e+13 	5.45308e+13 	128000
1431 	128 	46075.9 	460469 	0 	5.35917e+06 	-1.91778e+13 	5.45978e+13 	128000
1432 	128 	42980.9 	430549 	0 	5.02205e+06 	-1.91778e+13 	5.45978e+13 	128000
1433 	128 	40146 	402401 	0 	4.81796e+06 	-1.90621e+13 	5.47078e+13 	128000
1434 	128 	47820.5 	479459 	0 	5.77998e+06 	-1.90621e+13 	5.47078e+13 	128000
1435 	128 	41591 	417698 	0 	4.90808e+06 	-1.90932e+13 	5.46689e+13 	128000
1436 	128 	42091.7 	420556 	0 	4.93193e+06 	-1.90932e+13 	5.46689e+13 	128000
1437 	128 	30825.9 	311759 	0 	3.96204e+06 	-1.89726e+13 	5.45658e+13 	128000
1438 	128 	34368.6 	347092 	0 	4.13799e+06 	-1.89726e+13 	5.45658e+13 	128000
1439 	128 	34620.2 	346062 	0 	3.92699e+06 	-1.91516e+13 	5.46029e+13 	128000
1440 	128 	46994.7 	469889 	0 	5.33485e+06 	-1.91516e+13 	5.46029e+13 	128000
1441 	128 	34580.8 	348390 	0 	4.24504e+06 	-1.89639e+13 	5.45308e+13 	128000
1442 	128 	48342.7 	483830 	0 	5.99599e+06 	-1.89639e+13 	5.45308e+13 	128000
1443 	128 	21436.5 	219020 	0 	3.22604e+06 	-1.89639e+13 	5.46094e+13 	128000
1444 	128 	25043 	251529 	0 	3.31902e+06 	-1.89639e+13 	5.46094e+13 	128000
1445 	128 	14011.3 	156445 	0 	2.88391e+06 	-1.91167e+13 	5.4659e+13 	128000
1446 	128 	13147.7 	138873 	0 	2.05898e+06 	-1.91167e+13 	5.4659e+13 	128000
1447 	128 	19483.1 	200962 	0 	2.93922e+06 	-1.91667e+13 	5.45933e+13 	128000
1448 	128 	24095.6 	247438 	0 	3.83806e+06 	-1.91667e+13 	5.45933e+13 	128000
1449 	128 	22467.3 	228501 	0 	3.22795e+06 	-1.90895e+13 	5.45308e+13 	128000
1450 	128 	23396.6 	242185 	0 	3.227e+06 	-1.90895e+13 	5.45308e+13 	128000
1451 	128 	17123.4 	172716 	0 	2.10214e+06 	-1.89668e+13 	5.45308e+13 	128000
1452 	128 	22436.4 	230062 	0 	2.94304e+06 	-1.89668e+13 	5.45308e+13 	128000
1453 	128 	22448.7 	233029 	0 	3.31378e+06 	-1.90841e+13 	5.45308e+13 	128000
1454 	128 	23288.3 	242224 	0 	3.36718e+06 	-1.90841e+13 	5.45308e+13 	128000
1455 	128 	20744.5 	210282 	0 	2.75707e+06 	-1.90392e+13 	5.4729e+13 	128000
1456 	128 	23345.8 	235887 	0 	2.88606e+06 	-1.90392e+13 	5.4729e+13 	128000
1457 	128 	21378.8 	219181 	0 	2.95901e+06 	-1.913e+13 	5.45941e+13 	128000
1458 	128 	25605.4 	258993 	0 	3.11494e+06 	-1.913e+13 	5.45941e+13 	128000


# Index 10: Results for _remd_copy_energies_
1427 	128 	93.4648 	931.26 	0 	10014 	-669.086 	866.914 	128000
1428 	128 	93.3567 	930.172 	0 	10014 	-640.461 	852.93 	128000
1429 	128 	92.5972 	922.436 	0 	10014 	-650.352 	972.922 	128000
1430 	128 	92.5394 	921.859 	0 	10014 	-683.828 	930.102 	128000
1431 	128 	93.8589 	935.226 	0 	10014 	-752.875 	978.203 	128000
1432 	128 	93.7957 	934.621 	0 	10014 	-771.398 	983.773 	128000
1433 	128 	93.4931 	931.52 	0 	10014 	-840.508 	985.57 	128000
1434 	128 	93.4523 	931.097 	0 	10014 	-818.219 	959.516 	128000
1435 	128 	93.3617 	930.207 	0 	10014 	-707.609 	905.773 	128000
1436 	128 	93.5258 	931.793 	0 	10014 	-674.141 	806.797 	128000
1437 	128 	92.6953 	923.384 	0 	10014 	-732.633 	894.336 	128000
1438 	128 	92.4211 	920.599 	0 	10014 	-678.586 	933.766 	128000
1439 	128 	94.0754 	937.347 	0 	10014 	-1288.3 	953.938 	128000
1440 	128 	93.8645 	935.273 	0 	10014 	-790.43 	916.844 	128000
1441 	128 	93.0714 	927.254 	0 	10014 	-787.586 	940.953 	128000
1442 	128 	92.9984 	926.586 	0 	10014 	-757.781 	976.344 	128000
1443 	128 	92.8804 	925.309 	0 	10014 	-613.383 	889.156 	128000
1444 	128 	93.1559 	928.069 	0 	10014 	-706.469 	853.789 	128000
1445 	128 	92.6624 	923.099 	0 	10014 	-702.758 	890.219 	128000
1446 	128 	92.8268 	924.748 	0 	10014 	-711.828 	890.711 	128000
1447 	128 	93.6567 	933.169 	0 	10014 	-871.008 	931.969 	128000
1448 	128 	93.6995 	933.573 	0 	10014 	-782.625 	926.383 	128000
1449 	128 	92.4948 	921.365 	0 	10014 	-769.844 	931.484 	128000
1450 	128 	92.733 	923.781 	0 	10014 	-674.773 	916.906 	128000
1451 	128 	92.4912 	921.431 	0 	10014 	-583.297 	948.664 	128000
1452 	128 	92.4981 	921.502 	0 	10014 	-676.57 	986.023 	128000
1453 	128 	92.86 	925.137 	0 	10014 	-663.586 	926.133 	128000
1454 	128 	93.2191 	928.753 	0 	10014 	-681.93 	890.734 	128000
1455 	128 	93.2303 	928.917 	0 	10014 	-808.102 	969.133 	128000
1456 	128 	92.992 	926.471 	0 	10014 	-770.836 	937.453 	128000
1457 	128 	92.1379 	917.758 	0 	10014 	-1423.39 	1009.77 	128000
1458 	128 	92.6276 	922.745 	0 	10014 	-760.289 	940.945 	128000


# Index 11: Results for _remd_swapping_step
1427 	128 	141.391 	1407.96 	0 	15021 	-1205.5 	979.992 	128000
1428 	128 	141.525 	1409.27 	0 	15974 	-1177.49 	1238.54 	128000
1429 	128 	141.589 	1409.92 	0 	15021 	-1138.54 	1027.1 	128000
1430 	128 	141.924 	1413.28 	0 	15021 	-1314.6 	1166.43 	128000
1431 	128 	141.887 	1413.04 	0 	15021 	-1271.88 	1229.51 	128000
1432 	128 	141.831 	1412.45 	0 	15021 	-1191.74 	1192.26 	128000
1433 	128 	141.403 	1407.99 	0 	15021 	-1393.92 	1039.05 	128000
1434 	128 	141.361 	1407.55 	0 	15021 	-1091.84 	1188.77 	128000
1435 	128 	141.554 	1409.55 	0 	15974 	-1092.06 	1279.7 	128000
1436 	128 	141.572 	1409.68 	0 	15021 	-1181.5 	998.25 	128000
1437 	128 	141.725 	1411.4 	0 	15021 	-1197.21 	1195.4 	128000
1438 	128 	141.784 	1412 	0 	15021 	-1126.36 	1158.2 	128000
1439 	128 	141.893 	1413.03 	0 	15021 	-1249.53 	1262.16 	128000
1440 	128 	141.677 	1410.95 	0 	15021 	-1007.35 	1189.52 	128000
1441 	128 	141.501 	1408.95 	0 	15021 	-1096.45 	1197.95 	128000
1442 	128 	141.469 	1408.62 	0 	15021 	-1167.56 	1095.09 	128000
1443 	128 	141.915 	1413.11 	0 	15974 	-1114.47 	1320.52 	128000
1444 	128 	141.804 	1412.01 	0 	15021 	-1366.88 	1237.88 	128000
1445 	128 	142.202 	1416.27 	0 	15021 	-1247.62 	1136.38 	128000
1446 	128 	142.191 	1416.17 	0 	15021 	-1191.84 	1192.16 	128000
1447 	128 	141.393 	1407.84 	0 	16213 	-1182.23 	1585.59 	128000
1448 	128 	141.537 	1409.25 	0 	15021 	-1227.48 	975.758 	128000
1449 	128 	141.524 	1409.23 	0 	15021 	-1070.38 	1198.33 	128000
1450 	128 	141.843 	1412.4 	0 	15974 	-1181.48 	1170.4 	128000
1451 	128 	141.957 	1413.6 	0 	15974 	-1171.98 	1421.36 	128000
1452 	128 	141.886 	1412.92 	0 	15974 	-1199.95 	1205.08 	128000
1453 	128 	142.35 	1417.71 	0 	15021 	-1152.33 	1136.66 	128000
1454 	128 	142.22 	1416.51 	0 	15021 	-1255.91 	1338.66 	128000
1455 	128 	141.544 	1409.39 	0 	15021 	-1127.97 	1084.34 	128000
1456 	128 	141.453 	1408.48 	0 	15021 	-1370.64 	1082.44 	128000
1457 	128 	141.684 	1410.91 	0 	15974 	-1108.38 	1223.82 	128000
1458 	128 	141.96 	1413.76 	0 	15974 	-1095.89 	1125.08 	128000
