# Statistics for grouped trace points from trace_group_id 108
# column 1: trace set id
# column 2: node count
# column 3: average
# column 4: std. dev
# column 5: min()
# column 6: max()
# column 7: minDev (deviation from average value computed for each ts)
# column 8: maxDev (deviation from average value computed for each ts)
# column 9: count()


# Index 0: Results for GlobalizePositions_Cntl
797 	32 	1.15091e+07 	3.88373e+06 	9.029e+06 	3.0858e+07 	-3.89659e+06 	2.24409e+06 	25600
798 	32 	1.151e+07 	3.85418e+06 	8.886e+06 	3.1153e+07 	-5.08234e+06 	2.195e+06 	25600
799 	32 	1.15719e+07 	3.92619e+06 	9.057e+06 	3.0774e+07 	-2.95566e+06 	1.90072e+06 	25600
800 	32 	1.15683e+07 	3.93346e+06 	9.201e+06 	3.0841e+07 	-3.67703e+06 	740938 	25600
801 	32 	1.15201e+07 	3.88043e+06 	8.898e+06 	3.1224e+07 	-3.36338e+06 	2.24744e+06 	25600
802 	32 	1.15196e+07 	3.87901e+06 	8.78e+06 	3.0841e+07 	-2.77422e+06 	2.42525e+06 	25600
803 	32 	1.15794e+07 	3.89448e+06 	8.786e+06 	3.049e+07 	-3.30175e+06 	1.33841e+06 	25600
804 	32 	1.15761e+07 	3.91701e+06 	9.12e+06 	3.0706e+07 	-2.75956e+06 	1.73775e+06 	25600
805 	32 	1.1618e+07 	3.97803e+06 	8.992e+06 	3.1252e+07 	-2.67216e+06 	1.83716e+06 	25600
806 	32 	1.16011e+07 	3.9888e+06 	8.942e+06 	3.1227e+07 	-3.82062e+06 	1.95669e+06 	25600
807 	32 	1.1553e+07 	3.95556e+06 	8.732e+06 	3.0823e+07 	-3.06616e+06 	908594 	25600
808 	32 	1.15462e+07 	3.97594e+06 	8.443e+06 	3.1051e+07 	-2.89619e+06 	906968 	25600
809 	32 	1.162e+07 	4.00959e+06 	9.042e+06 	3.138e+07 	-2.95116e+06 	2.12259e+06 	25600
810 	32 	1.16303e+07 	4.014e+06 	8.919e+06 	3.108e+07 	-3.07438e+06 	2.03197e+06 	25600
811 	32 	1.15463e+07 	3.97311e+06 	8.803e+06 	3.0768e+07 	-3.45494e+06 	882062 	25600
812 	32 	1.1565e+07 	3.99802e+06 	8.891e+06 	3.1236e+07 	-2.44197e+06 	2.16969e+06 	25600
813 	32 	1.15141e+07 	3.85168e+06 	8.816e+06 	3.0854e+07 	-3.21503e+06 	2.15769e+06 	25600
814 	32 	1.13744e+07 	3.79392e+06 	7.972e+06 	3.0698e+07 	-2.94766e+06 	1.82137e+06 	25600
815 	32 	1.15745e+07 	3.94268e+06 	9.019e+06 	3.0562e+07 	-3.63472e+06 	2.00991e+06 	25600
816 	32 	1.13941e+07 	3.86801e+06 	8.137e+06 	3.0671e+07 	-2.90453e+06 	1.56175e+06 	25600
817 	32 	1.1381e+07 	3.82018e+06 	7.888e+06 	3.0907e+07 	-2.74369e+06 	1.89344e+06 	25600
818 	32 	1.15292e+07 	3.89217e+06 	8.93e+06 	3.1015e+07 	-2.85794e+06 	2.19184e+06 	25600
819 	32 	1.13949e+07 	3.84423e+06 	7.932e+06 	3.0903e+07 	-2.98522e+06 	846250 	25600
820 	32 	1.15802e+07 	3.93889e+06 	9.236e+06 	3.0732e+07 	-2.9075e+06 	1.01931e+06 	25600
821 	32 	1.16388e+07 	3.99099e+06 	8.974e+06 	3.1328e+07 	-2.92094e+06 	1.46844e+06 	25600
822 	32 	1.14701e+07 	3.96514e+06 	8.144e+06 	3.1155e+07 	-2.66597e+06 	1.49775e+06 	25600
823 	32 	1.15739e+07 	3.98231e+06 	8.743e+06 	3.1247e+07 	-3.41456e+06 	975656 	25600
824 	32 	1.14123e+07 	3.92238e+06 	7.982e+06 	3.068e+07 	-2.72747e+06 	1.88322e+06 	25600
825 	32 	1.15059e+07 	3.90796e+06 	8.06e+06 	3.1034e+07 	-2.98269e+06 	1.67319e+06 	25600
826 	32 	1.16292e+07 	3.99788e+06 	9.074e+06 	3.1417e+07 	-3.03688e+06 	1.91516e+06 	25600
827 	32 	1.14276e+07 	3.87439e+06 	8.081e+06 	3.0889e+07 	-3.18347e+06 	1.53234e+06 	25600
828 	32 	1.15615e+07 	3.97768e+06 	8.867e+06 	3.1059e+07 	-3.08603e+06 	1.05681e+06 	25600
829 	32 	1.14825e+07 	3.87069e+06 	8.404e+06 	3.0913e+07 	-3.71838e+06 	2.32684e+06 	25600
830 	32 	1.13637e+07 	3.80352e+06 	7.982e+06 	3.0892e+07 	-2.91606e+06 	2.22125e+06 	25600
831 	32 	1.15442e+07 	3.87612e+06 	8.249e+06 	3.0724e+07 	-2.99697e+06 	916689 	25600
832 	32 	1.14286e+07 	3.88705e+06 	8.039e+06 	3.0656e+07 	-5.87916e+06 	4.073e+06 	25600
833 	32 	1.15114e+07 	3.87297e+06 	8.456e+06 	3.0789e+07 	-3.28309e+06 	2.11984e+06 	25600
834 	32 	1.15243e+07 	3.87957e+06 	8.889e+06 	3.0842e+07 	-3.05044e+06 	2.28978e+06 	25600
835 	32 	1.15733e+07 	3.93295e+06 	8.342e+06 	3.0669e+07 	-3.51347e+06 	1.39391e+06 	25600
836 	32 	1.15984e+07 	3.95378e+06 	9.028e+06 	3.0667e+07 	-3.04962e+06 	890531 	25600
837 	32 	1.15874e+07 	3.95048e+06 	8.505e+06 	3.1182e+07 	-2.96197e+06 	1.55622e+06 	25600
838 	32 	1.14591e+07 	3.91913e+06 	7.916e+06 	3.1039e+07 	-1.01154e+07 	3.67563e+06 	25600
839 	32 	1.15399e+07 	3.92111e+06 	8.541e+06 	3.0789e+07 	-3.45634e+06 	825905 	25600
840 	32 	1.13869e+07 	3.88873e+06 	7.971e+06 	3.1089e+07 	-3.78594e+06 	1.84109e+06 	25600
841 	32 	1.16289e+07 	4.01275e+06 	8.576e+06 	3.1135e+07 	-2.78244e+06 	1.70663e+06 	25600
842 	32 	1.16333e+07 	3.98509e+06 	9.048e+06 	3.1062e+07 	-3.11969e+06 	1.63356e+06 	25600
843 	32 	1.15598e+07 	3.97438e+06 	8.554e+06 	3.1019e+07 	-2.3855e+06 	986500 	25600
844 	32 	1.15678e+07 	3.97439e+06 	8.737e+06 	3.08e+07 	-3.05934e+06 	867656 	25600
845 	32 	1.15155e+07 	3.84934e+06 	8.685e+06 	3.0977e+07 	-2.72244e+06 	1.91781e+06 	25600
846 	32 	1.14229e+07 	3.8697e+06 	8.074e+06 	3.079e+07 	-2.95744e+06 	2.14016e+06 	25600
847 	32 	1.15633e+07 	3.92386e+06 	8.953e+06 	3.0663e+07 	-2.93706e+06 	799595 	25600
848 	32 	1.14673e+07 	3.89214e+06 	7.87e+06 	3.089e+07 	-3.11725e+06 	1.62759e+06 	25600
849 	32 	1.1505e+07 	3.85256e+06 	8.895e+06 	3.1059e+07 	-3.24022e+06 	2.43069e+06 	25600
850 	32 	1.15254e+07 	3.88119e+06 	8.98e+06 	3.0869e+07 	-3.49428e+06 	2.35366e+06 	25600
851 	32 	1.15826e+07 	3.91534e+06 	9.089e+06 	3.0583e+07 	-3.22725e+06 	838845 	25600
852 	32 	1.1584e+07 	3.941e+06 	9.019e+06 	3.0576e+07 	-3.63538e+06 	1.83872e+06 	25600
853 	32 	1.1638e+07 	3.99581e+06 	8.91e+06 	3.1044e+07 	-2.74497e+06 	1.90403e+06 	25600
854 	32 	1.15521e+07 	3.95801e+06 	8.106e+06 	3.1181e+07 	-9.41987e+06 	2.674e+06 	25600
855 	32 	1.15655e+07 	3.99752e+06 	8.658e+06 	3.1268e+07 	-2.90019e+06 	802406 	25600
856 	32 	1.14868e+07 	3.91461e+06 	8.082e+06 	3.0925e+07 	-2.67603e+06 	2.36616e+06 	25600
857 	32 	1.16299e+07 	4.01164e+06 	9.04e+06 	3.1355e+07 	-3.28141e+06 	6.16228e+06 	25600
858 	32 	1.16287e+07 	3.98857e+06 	9.002e+06 	3.1079e+07 	-3.31425e+06 	1.32413e+06 	25600
859 	32 	1.15561e+07 	3.98958e+06 	8.961e+06 	3.1095e+07 	-2.65419e+06 	947594 	25600
860 	32 	1.15684e+07 	3.96189e+06 	8.978e+06 	3.1005e+07 	-2.30066e+06 	821876 	25600


# Index 1: Results for P2_InitialBarrier
797 	32 	0 	0 	0 	0 	0 	0 	25600
798 	32 	0 	0 	0 	0 	0 	0 	25600
799 	32 	0 	0 	0 	0 	0 	0 	25600
800 	32 	0 	0 	0 	0 	0 	0 	25600
801 	32 	0 	0 	0 	0 	0 	0 	25600
802 	32 	0 	0 	0 	0 	0 	0 	25600
803 	32 	0 	0 	0 	0 	0 	0 	25600
804 	32 	0 	0 	0 	0 	0 	0 	25600
805 	32 	0 	0 	0 	0 	0 	0 	25600
806 	32 	0 	0 	0 	0 	0 	0 	25600
807 	32 	0 	0 	0 	0 	0 	0 	25600
808 	32 	0 	0 	0 	0 	0 	0 	25600
809 	32 	0 	0 	0 	0 	0 	0 	25600
810 	32 	0 	0 	0 	0 	0 	0 	25600
811 	32 	0 	0 	0 	0 	0 	0 	25600
812 	32 	0 	0 	0 	0 	0 	0 	25600
813 	32 	0 	0 	0 	0 	0 	0 	25600
814 	32 	0 	0 	0 	0 	0 	0 	25600
815 	32 	0 	0 	0 	0 	0 	0 	25600
816 	32 	0 	0 	0 	0 	0 	0 	25600
817 	32 	0 	0 	0 	0 	0 	0 	25600
818 	32 	0 	0 	0 	0 	0 	0 	25600
819 	32 	0 	0 	0 	0 	0 	0 	25600
820 	32 	0 	0 	0 	0 	0 	0 	25600
821 	32 	0 	0 	0 	0 	0 	0 	25600
822 	32 	0 	0 	0 	0 	0 	0 	25600
823 	32 	0 	0 	0 	0 	0 	0 	25600
824 	32 	0 	0 	0 	0 	0 	0 	25600
825 	32 	0 	0 	0 	0 	0 	0 	25600
826 	32 	0 	0 	0 	0 	0 	0 	25600
827 	32 	0 	0 	0 	0 	0 	0 	25600
828 	32 	0 	0 	0 	0 	0 	0 	25600
829 	32 	0 	0 	0 	0 	0 	0 	25600
830 	32 	0 	0 	0 	0 	0 	0 	25600
831 	32 	0 	0 	0 	0 	0 	0 	25600
832 	32 	0 	0 	0 	0 	0 	0 	25600
833 	32 	0 	0 	0 	0 	0 	0 	25600
834 	32 	0 	0 	0 	0 	0 	0 	25600
835 	32 	0 	0 	0 	0 	0 	0 	25600
836 	32 	0 	0 	0 	0 	0 	0 	25600
837 	32 	0 	0 	0 	0 	0 	0 	25600
838 	32 	0 	0 	0 	0 	0 	0 	25600
839 	32 	0 	0 	0 	0 	0 	0 	25600
840 	32 	0 	0 	0 	0 	0 	0 	25600
841 	32 	0 	0 	0 	0 	0 	0 	25600
842 	32 	0 	0 	0 	0 	0 	0 	25600
843 	32 	0 	0 	0 	0 	0 	0 	25600
844 	32 	0 	0 	0 	0 	0 	0 	25600
845 	32 	0 	0 	0 	0 	0 	0 	25600
846 	32 	0 	0 	0 	0 	0 	0 	25600
847 	32 	0 	0 	0 	0 	0 	0 	25600
848 	32 	0 	0 	0 	0 	0 	0 	25600
849 	32 	0 	0 	0 	0 	0 	0 	25600
850 	32 	0 	0 	0 	0 	0 	0 	25600
851 	32 	0 	0 	0 	0 	0 	0 	25600
852 	32 	0 	0 	0 	0 	0 	0 	25600
853 	32 	0 	0 	0 	0 	0 	0 	25600
854 	32 	0 	0 	0 	0 	0 	0 	25600
855 	32 	0 	0 	0 	0 	0 	0 	25600
856 	32 	0 	0 	0 	0 	0 	0 	25600
857 	32 	0 	0 	0 	0 	0 	0 	25600
858 	32 	0 	0 	0 	0 	0 	0 	25600
859 	32 	0 	0 	0 	0 	0 	0 	25600
860 	32 	0 	0 	0 	0 	0 	0 	25600


# Index 2: Results for P2_KSpace_Control
797 	32 	1.6579e+08 	1.82179e+06 	1.6216e+08 	1.76801e+08 	-1.40131e+07 	4.15125e+06 	25600
798 	32 	1.65764e+08 	1.78125e+06 	1.62471e+08 	1.77944e+08 	-1.39596e+07 	5.21456e+06 	25600
799 	32 	1.65542e+08 	1.81535e+06 	1.6154e+08 	1.75736e+08 	-1.38751e+07 	4.98303e+06 	25600
800 	32 	1.65537e+08 	1.72515e+06 	1.62144e+08 	1.75188e+08 	-1.39883e+07 	3.94406e+06 	25600
801 	32 	1.65839e+08 	1.80612e+06 	1.62256e+08 	1.76803e+08 	-1.39255e+07 	4.18838e+06 	25600
802 	32 	1.65801e+08 	1.79021e+06 	1.62703e+08 	1.76258e+08 	-1.39232e+07 	3.36466e+06 	25600
803 	32 	1.65616e+08 	1.81403e+06 	1.61946e+08 	1.75371e+08 	-1.37905e+07 	3.58022e+06 	25600
804 	32 	1.65572e+08 	1.78134e+06 	1.61914e+08 	1.75634e+08 	-1.36894e+07 	3.32594e+06 	25600
805 	32 	1.65479e+08 	1.80391e+06 	1.61695e+08 	1.75561e+08 	-1.38549e+07 	4.18281e+06 	25600
806 	32 	1.65548e+08 	1.79605e+06 	1.62032e+08 	1.7526e+08 	-1.36331e+07 	4.191e+06 	25600
807 	32 	1.65669e+08 	1.81188e+06 	1.62369e+08 	1.75751e+08 	-1.37507e+07 	3.48428e+06 	25600
808 	32 	1.65727e+08 	1.81598e+06 	1.62174e+08 	1.75412e+08 	-1.37436e+07 	4.00234e+06 	25600
809 	32 	1.65639e+08 	1.80458e+06 	1.62396e+08 	1.76988e+08 	-1.3602e+07 	4.02072e+06 	25600
810 	32 	1.65495e+08 	1.80749e+06 	1.61983e+08 	1.76882e+08 	-1.35786e+07 	3.44587e+06 	25600
811 	32 	1.65841e+08 	1.82385e+06 	1.62413e+08 	1.76338e+08 	-1.36445e+07 	3.54609e+06 	25600
812 	32 	1.65685e+08 	1.83228e+06 	1.61484e+08 	1.75555e+08 	-1.36455e+07 	3.61606e+06 	25600
813 	32 	1.65848e+08 	1.83332e+06 	1.62311e+08 	1.76294e+08 	-1.38683e+07 	3.62378e+06 	25600
814 	32 	1.64558e+08 	4.83166e+06 	1.41841e+08 	1.76464e+08 	-1.38593e+07 	4.05869e+06 	25600
815 	32 	1.65593e+08 	1.77183e+06 	1.61171e+08 	1.75191e+08 	-1.38224e+07 	4.15062e+06 	25600
816 	32 	1.64533e+08 	4.10728e+06 	1.47538e+08 	1.75372e+08 	-1.37985e+07 	3.93638e+06 	25600
817 	32 	1.6446e+08 	5.03079e+06 	1.43007e+08 	1.76851e+08 	-1.38954e+07 	4.04238e+06 	25600
818 	32 	1.65933e+08 	1.82634e+06 	1.62102e+08 	1.77788e+08 	-1.40439e+07 	3.7405e+06 	25600
819 	32 	1.64392e+08 	4.55599e+06 	1.44807e+08 	1.76181e+08 	-1.41236e+07 	4.24266e+06 	25600
820 	32 	1.65691e+08 	1.82253e+06 	1.61894e+08 	1.75513e+08 	-1.3739e+07 	3.69237e+06 	25600
821 	32 	1.65493e+08 	1.81474e+06 	1.61996e+08 	1.76057e+08 	-1.36331e+07 	3.16947e+06 	25600
822 	32 	1.64416e+08 	4.58117e+06 	1.39349e+08 	1.75819e+08 	-1.36285e+07 	4.00163e+06 	25600
823 	32 	1.65695e+08 	1.85173e+06 	1.62129e+08 	1.75027e+08 	-1.38195e+07 	3.69972e+06 	25600
824 	32 	1.64798e+08 	3.90327e+06 	1.4656e+08 	1.75217e+08 	-1.37394e+07 	4.03953e+06 	25600
825 	32 	1.64349e+08 	4.70091e+06 	1.40879e+08 	1.75586e+08 	-1.36767e+07 	3.40309e+06 	25600
826 	32 	1.65622e+08 	1.82758e+06 	1.62151e+08 	1.75745e+08 	-1.35306e+07 	3.75031e+06 	25600
827 	32 	1.64711e+08 	4.11162e+06 	1.47302e+08 	1.7565e+08 	-1.37662e+07 	3.27275e+06 	25600
828 	32 	1.6582e+08 	1.85127e+06 	1.62557e+08 	1.75699e+08 	-1.37854e+07 	3.83672e+06 	25600
829 	32 	1.65782e+08 	2.21571e+06 	1.42615e+08 	1.7688e+08 	-1.3867e+07 	3.70425e+06 	25600
830 	32 	1.64125e+08 	5.71857e+06 	1.3372e+08 	1.76398e+08 	-1.38245e+07 	4.08559e+06 	25600
831 	32 	1.65583e+08 	1.9745e+06 	1.52051e+08 	1.76386e+08 	-1.37477e+07 	3.94222e+06 	25600
832 	32 	1.63978e+08 	5.41639e+06 	1.37319e+08 	1.75485e+08 	-1.37422e+07 	5.71216e+06 	25600
833 	32 	1.65816e+08 	2.04499e+06 	1.4285e+08 	1.77023e+08 	-1.40088e+07 	3.97272e+06 	25600
834 	32 	1.65851e+08 	1.8483e+06 	1.6224e+08 	1.76332e+08 	-1.38232e+07 	3.36816e+06 	25600
835 	32 	1.65578e+08 	1.88814e+06 	1.56588e+08 	1.76167e+08 	-1.40667e+07 	3.43825e+06 	25600
836 	32 	1.65602e+08 	1.8157e+06 	1.62432e+08 	1.76075e+08 	-1.3826e+07 	3.9885e+06 	25600
837 	32 	1.65455e+08 	2.19216e+06 	1.42823e+08 	1.75128e+08 	-1.36663e+07 	3.86469e+06 	25600
838 	32 	1.64272e+08 	4.69641e+06 	1.41199e+08 	1.75598e+08 	-1.36883e+07 	1.04395e+07 	25600
839 	32 	1.65652e+08 	1.99656e+06 	1.51387e+08 	1.75845e+08 	-1.37865e+07 	3.80059e+06 	25600
840 	32 	1.64561e+08 	4.39131e+06 	1.44102e+08 	1.75331e+08 	-1.36065e+07 	4.06425e+06 	25600
841 	32 	1.655e+08 	1.93555e+06 	1.43316e+08 	1.75766e+08 	-1.38744e+07 	4.02491e+06 	25600
842 	32 	1.65514e+08 	1.76396e+06 	1.62307e+08 	1.75813e+08 	-1.37067e+07 	3.87244e+06 	25600
843 	32 	1.65707e+08 	1.87766e+06 	1.51836e+08 	1.75654e+08 	-1.37157e+07 	3.88172e+06 	25600
844 	32 	1.65719e+08 	1.77674e+06 	1.6248e+08 	1.76109e+08 	-1.36622e+07 	3.40025e+06 	25600
845 	32 	1.65842e+08 	1.81895e+06 	1.62698e+08 	1.7516e+08 	-1.3843e+07 	3.97372e+06 	25600
846 	32 	1.64961e+08 	4.12031e+06 	1.3862e+08 	1.75949e+08 	-1.39629e+07 	4.70641e+06 	25600
847 	32 	1.65574e+08 	1.79654e+06 	1.61292e+08 	1.75684e+08 	-1.37747e+07 	3.92834e+06 	25600
848 	32 	1.64787e+08 	3.77764e+06 	1.40807e+08 	1.75658e+08 	-1.36661e+07 	3.47869e+06 	25600
849 	32 	1.65864e+08 	1.78947e+06 	1.6298e+08 	1.75761e+08 	-1.39226e+07 	4.12159e+06 	25600
850 	32 	1.65827e+08 	1.8594e+06 	1.62176e+08 	1.76285e+08 	-1.39971e+07 	3.96988e+06 	25600
851 	32 	1.65601e+08 	1.77583e+06 	1.60686e+08 	1.75349e+08 	-1.37304e+07 	3.38222e+06 	25600
852 	32 	1.65591e+08 	1.82771e+06 	1.62291e+08 	1.76297e+08 	-1.37272e+07 	4.50681e+06 	25600
853 	32 	1.65506e+08 	1.79526e+06 	1.6194e+08 	1.75098e+08 	-1.36887e+07 	4.03528e+06 	25600
854 	32 	1.6479e+08 	3.8946e+06 	1.41243e+08 	1.76052e+08 	-1.35406e+07 	9.58275e+06 	25600
855 	32 	1.65706e+08 	1.78714e+06 	1.62345e+08 	1.75419e+08 	-1.36849e+07 	3.74513e+06 	25600
856 	32 	1.64897e+08 	4.34995e+06 	1.41596e+08 	1.75836e+08 	-1.37666e+07 	3.47209e+06 	25600
857 	32 	1.65523e+08 	1.79088e+06 	1.62204e+08 	1.75714e+08 	-1.38008e+07 	3.85147e+06 	25600
858 	32 	1.65528e+08 	1.81357e+06 	1.62091e+08 	1.76447e+08 	-1.36318e+07 	3.54972e+06 	25600
859 	32 	1.6573e+08 	1.8196e+06 	1.62677e+08 	1.76245e+08 	-1.35503e+07 	3.49912e+06 	25600
860 	32 	1.65734e+08 	1.84735e+06 	1.62288e+08 	1.762e+08 	-1.38174e+07 	3.68072e+06 	25600


# Index 3: Results for P2_Simtick_Loop_Control
797 	32 	2.35282e+08 	1.03182e+08 	2.06407e+08 	7.04361e+08 	-2.89966e+06 	2.6485e+06 	25600
798 	32 	2.35284e+08 	1.03159e+08 	2.06454e+08 	7.05995e+08 	-2.55837e+06 	2.34631e+06 	25600
799 	32 	2.35282e+08 	1.03357e+08 	2.04991e+08 	7.04799e+08 	-2.96097e+06 	2.87972e+06 	25600
800 	32 	2.35284e+08 	1.03352e+08 	2.05945e+08 	7.05991e+08 	-2.56609e+06 	2.56953e+06 	25600
801 	32 	2.3529e+08 	1.03167e+08 	2.06179e+08 	7.04871e+08 	-3.33609e+06 	3.10984e+06 	25600
802 	32 	2.36227e+08 	1.07523e+08 	2.06218e+08 	1.10423e+09 	-3.87916e+06 	3.78409e+06 	25600
803 	32 	2.3529e+08 	1.03307e+08 	2.05106e+08 	7.0618e+08 	-3.28631e+06 	3.77384e+06 	25600
804 	32 	2.36212e+08 	1.07599e+08 	2.03954e+08 	1.09142e+09 	-5.78578e+06 	4.13716e+06 	25600
805 	32 	2.35284e+08 	1.033e+08 	2.05922e+08 	7.04874e+08 	-2.73e+06 	2.68975e+06 	25600
806 	32 	2.35287e+08 	1.03365e+08 	2.06145e+08 	7.04664e+08 	-3.27181e+06 	3.29441e+06 	25600
807 	32 	2.35283e+08 	1.03519e+08 	2.05936e+08 	7.05968e+08 	-3.81494e+06 	3.55997e+06 	25600
808 	32 	2.35287e+08 	1.03602e+08 	2.03772e+08 	7.06329e+08 	-4.25334e+06 	4.25963e+06 	25600
809 	32 	2.3529e+08 	1.03267e+08 	2.06164e+08 	7.04104e+08 	-3.54034e+06 	3.39947e+06 	25600
810 	32 	2.36132e+08 	1.06932e+08 	2.06156e+08 	1.02704e+09 	-2.91253e+06 	2.775e+06 	25600
811 	32 	2.35289e+08 	1.03509e+08 	2.06142e+08 	7.05472e+08 	-4.03753e+06 	3.84553e+06 	25600
812 	32 	2.36113e+08 	1.07063e+08 	2.04568e+08 	1.01259e+09 	-3.85947e+06 	3.74672e+06 	25600
813 	32 	2.35267e+08 	1.03085e+08 	2.06028e+08 	7.04231e+08 	-2.3935e+06 	2.45887e+06 	25600
814 	32 	2.35287e+08 	1.06729e+08 	1.93891e+08 	1.03557e+09 	-2.82669e+06 	2.25597e+06 	25600
815 	32 	2.35268e+08 	1.03321e+08 	2.03312e+08 	7.05687e+08 	-2.47566e+06 	2.62925e+06 	25600
816 	32 	2.35287e+08 	1.06803e+08 	1.95978e+08 	1.02042e+09 	-2.84278e+06 	2.83344e+06 	25600
817 	32 	2.35286e+08 	1.07428e+08 	1.93907e+08 	1.09855e+09 	-2.73169e+06 	2.62672e+06 	25600
818 	32 	2.35284e+08 	1.03123e+08 	2.0644e+08 	7.04899e+08 	-3.19722e+06 	3.06312e+06 	25600
819 	32 	2.35286e+08 	1.07379e+08 	1.93927e+08 	1.08339e+09 	-2.82753e+06 	2.841e+06 	25600
820 	32 	2.35284e+08 	1.03295e+08 	2.04898e+08 	7.05843e+08 	-2.63012e+06 	2.70231e+06 	25600
821 	32 	2.35266e+08 	1.03287e+08 	2.06044e+08 	7.04975e+08 	-3.33197e+06 	3.22722e+06 	25600
822 	32 	2.35286e+08 	1.06301e+08 	1.93252e+08 	9.5647e+08 	-3.40731e+06 	3.25322e+06 	25600
823 	32 	2.35266e+08 	1.03509e+08 	2.05949e+08 	7.06319e+08 	-3.97203e+06 	4.06375e+06 	25600
824 	32 	2.35286e+08 	1.06408e+08 	1.95833e+08 	9.4244e+08 	-4.2515e+06 	4.095e+06 	25600
825 	32 	2.35285e+08 	1.06485e+08 	1.9197e+08 	9.74896e+08 	-2.55816e+06 	2.57069e+06 	25600
826 	32 	2.35283e+08 	1.03247e+08 	2.06267e+08 	7.05629e+08 	-4.01491e+06 	3.72038e+06 	25600
827 	32 	2.35285e+08 	1.06418e+08 	1.95534e+08 	9.60275e+08 	-3.59316e+06 	3.42759e+06 	25600
828 	32 	2.35283e+08 	1.03482e+08 	2.05644e+08 	7.06049e+08 	-4.15597e+06 	4.32109e+06 	25600
829 	32 	2.35266e+08 	1.03254e+08 	1.94669e+08 	7.04921e+08 	-3.32944e+06 	3.40609e+06 	25600
830 	32 	2.36585e+08 	1.16202e+08 	1.91381e+08 	1.39007e+09 	-2.90888e+06 	3.91756e+06 	25600
831 	32 	2.35266e+08 	1.03393e+08 	1.98859e+08 	7.06122e+08 	-4.06438e+06 	3.87287e+06 	25600
832 	32 	2.36565e+08 	1.15419e+08 	1.92605e+08 	1.37454e+09 	-8.01644e+06 	7.85537e+06 	25600
833 	32 	2.35247e+08 	1.03144e+08 	1.95379e+08 	7.03681e+08 	-2.71844e+06 	2.99962e+06 	25600
834 	32 	2.35293e+08 	1.03127e+08 	2.06102e+08 	7.04169e+08 	-2.44287e+06 	2.35219e+06 	25600
835 	32 	2.35247e+08 	1.03303e+08 	2.00603e+08 	7.04862e+08 	-2.69619e+06 	2.60053e+06 	25600
836 	32 	2.35293e+08 	1.03311e+08 	2.05738e+08 	7.05373e+08 	-2.62603e+06 	2.67819e+06 	25600
837 	32 	2.35267e+08 	1.03368e+08 	1.95539e+08 	7.04781e+08 	-2.42284e+06 	2.62166e+06 	25600
838 	32 	2.36202e+08 	1.1126e+08 	1.95099e+08 	1.08349e+09 	-1.06213e+07 	1.06542e+07 	25600
839 	32 	2.35267e+08 	1.03591e+08 	1.99829e+08 	7.05774e+08 	-4.13631e+06 	3.82091e+06 	25600
840 	32 	2.36202e+08 	1.11327e+08 	1.94444e+08 	1.08336e+09 	-4.11344e+06 	4.07e+06 	25600
841 	32 	2.35244e+08 	1.03302e+08 	1.95017e+08 	7.05228e+08 	-2.71847e+06 	2.61172e+06 	25600
842 	32 	2.35291e+08 	1.03294e+08 	2.06187e+08 	7.0514e+08 	-3.05322e+06 	3.02059e+06 	25600
843 	32 	2.35244e+08 	1.03493e+08 	1.99741e+08 	7.0644e+08 	-3.65122e+06 	3.47169e+06 	25600
844 	32 	2.35291e+08 	1.03487e+08 	2.06111e+08 	7.05353e+08 	-4.60622e+06 	4.19563e+06 	25600
845 	32 	2.35274e+08 	1.03074e+08 	2.0625e+08 	7.0344e+08 	-2.09438e+06 	2.24291e+06 	25600
846 	32 	2.36656e+08 	1.13556e+08 	1.91835e+08 	1.44918e+09 	-3.80434e+06 	3.87922e+06 	25600
847 	32 	2.35274e+08 	1.03295e+08 	2.03562e+08 	7.04651e+08 	-2.63466e+06 	2.91003e+06 	25600
848 	32 	2.36642e+08 	1.1343e+08 	1.92587e+08 	1.43865e+09 	-2.82778e+06 	3.04097e+06 	25600
849 	32 	2.35711e+08 	1.04272e+08 	2.06034e+08 	7.04972e+08 	-3.50859e+06 	3.12603e+06 	25600
850 	32 	2.35272e+08 	1.03108e+08 	2.06139e+08 	7.02713e+08 	-3.14784e+06 	2.95653e+06 	25600
851 	32 	2.35692e+08 	1.04391e+08 	2.03796e+08 	7.0525e+08 	-2.86503e+06 	2.85053e+06 	25600
852 	32 	2.35272e+08 	1.03319e+08 	2.05409e+08 	7.04478e+08 	-2.98078e+06 	3.09156e+06 	25600
853 	32 	2.35273e+08 	1.03245e+08 	2.06066e+08 	7.05155e+08 	-3.11097e+06 	3.02759e+06 	25600
854 	32 	2.36558e+08 	1.12165e+08 	1.95017e+08 	1.37127e+09 	-2.38575e+06 	2.23941e+06 	25600
855 	32 	2.35273e+08 	1.03524e+08 	2.05554e+08 	7.05728e+08 	-4.14169e+06 	4.12122e+06 	25600
856 	32 	2.3654e+08 	1.1217e+08 	1.9437e+08 	1.35671e+09 	-5.29722e+06 	5.78609e+06 	25600
857 	32 	2.35592e+08 	1.03997e+08 	2.05866e+08 	7.04682e+08 	-2.26953e+06 	2.20838e+06 	25600
858 	32 	2.35269e+08 	1.03285e+08 	2.05963e+08 	7.03461e+08 	-2.53525e+06 	3.26356e+06 	25600
859 	32 	2.35574e+08 	1.0419e+08 	2.04945e+08 	7.05926e+08 	-3.64278e+06 	3.73088e+06 	25600
860 	32 	2.35269e+08 	1.03489e+08 	2.0592e+08 	7.05759e+08 	-3.91078e+06 	3.69238e+06 	25600


# Index 4: Results for P3ME_ForwardFFT_Control
797 	32 	6.13422e+07 	2.947e+06 	5.2123e+07 	6.6559e+07 	-8.46828e+06 	8.33706e+06 	25600
798 	32 	6.14523e+07 	2.72138e+06 	5.1577e+07 	6.6599e+07 	-8.40316e+06 	7.33862e+06 	25600
799 	32 	6.2211e+07 	1.61249e+06 	5.2761e+07 	6.5501e+07 	-8.74525e+06 	4.50734e+06 	25600
800 	32 	6.21432e+07 	1.51295e+06 	5.2864e+07 	6.6287e+07 	-7.99297e+06 	3.75531e+06 	25600
801 	32 	6.1155e+07 	3.1356e+06 	5.071e+07 	6.6525e+07 	-8.347e+06 	9.65428e+06 	25600
802 	32 	6.12326e+07 	3.01662e+06 	5.1543e+07 	6.6691e+07 	-8.16369e+06 	7.75125e+06 	25600
803 	32 	6.21991e+07 	1.59841e+06 	5.2506e+07 	6.5594e+07 	-8.22359e+06 	4.21444e+06 	25600
804 	32 	6.2141e+07 	1.63002e+06 	5.2577e+07 	6.524e+07 	-8.54903e+06 	3.86028e+06 	25600
805 	32 	6.19761e+07 	1.76402e+06 	5.1601e+07 	6.5765e+07 	-8.69206e+06 	4.93869e+06 	25600
806 	32 	6.20613e+07 	1.79319e+06 	5.225e+07 	6.5747e+07 	-8.34759e+06 	4.85356e+06 	25600
807 	32 	6.21102e+07 	925185 	5.7264e+07 	6.5373e+07 	-4.24825e+06 	4.11634e+06 	25600
808 	32 	6.21804e+07 	944930 	5.3742e+07 	6.5384e+07 	-7.63403e+06 	2.7765e+06 	25600
809 	32 	6.1966e+07 	1.80355e+06 	5.2294e+07 	6.5887e+07 	-8.26122e+06 	5.98988e+06 	25600
810 	32 	6.19571e+07 	1.79449e+06 	5.1715e+07 	6.5854e+07 	-8.20947e+06 	7.57966e+06 	25600
811 	32 	6.21239e+07 	964780 	5.4384e+07 	6.5811e+07 	-7.71247e+06 	2.77953e+06 	25600
812 	32 	6.21004e+07 	975772 	5.3522e+07 	6.5329e+07 	-7.85216e+06 	3.233e+06 	25600
813 	32 	6.1324e+07 	2.96687e+06 	5.2324e+07 	6.6396e+07 	-8.74281e+06 	8.38831e+06 	25600
814 	32 	6.05747e+07 	3.87909e+06 	4.5237e+07 	6.6706e+07 	-8.35988e+06 	8.60719e+06 	25600
815 	32 	6.21862e+07 	1.50634e+06 	5.269e+07 	6.535e+07 	-8.07681e+06 	6.93806e+06 	25600
816 	32 	6.17617e+07 	2.1151e+06 	5.2183e+07 	6.5748e+07 	-8.15219e+06 	6.31572e+06 	25600
817 	32 	6.03631e+07 	4.19512e+06 	4.5329e+07 	6.6651e+07 	-8.35297e+06 	8.61831e+06 	25600
818 	32 	6.12522e+07 	3.11833e+06 	5.1809e+07 	6.6214e+07 	-8.56994e+06 	7.25919e+06 	25600
819 	32 	6.16791e+07 	2.61049e+06 	4.8612e+07 	6.5672e+07 	-8.20331e+06 	5.34122e+06 	25600
820 	32 	6.2275e+07 	1.569e+06 	5.2285e+07 	6.5769e+07 	-8.645e+06 	3.79953e+06 	25600
821 	32 	6.19707e+07 	1.69262e+06 	5.248e+07 	6.5601e+07 	-8.36684e+06 	9.37094e+06 	25600
822 	32 	6.12982e+07 	3.07794e+06 	4.5882e+07 	6.5833e+07 	-8.52122e+06 	5.57459e+06 	25600
823 	32 	6.21097e+07 	961091 	5.3136e+07 	6.5651e+07 	-7.87256e+06 	3.14841e+06 	25600
824 	32 	6.17874e+07 	1.66023e+06 	5.2498e+07 	6.5342e+07 	-7.23947e+06 	7.61003e+06 	25600
825 	32 	6.12255e+07 	3.20899e+06 	4.5562e+07 	6.5743e+07 	-8.39591e+06 	5.31584e+06 	25600
826 	32 	6.19701e+07 	1.71903e+06 	5.2581e+07 	6.5832e+07 	-8.35184e+06 	4.35053e+06 	25600
827 	32 	6.17363e+07 	1.71274e+06 	5.3548e+07 	6.5689e+07 	-7.35481e+06 	3.03841e+06 	25600
828 	32 	6.21062e+07 	993757 	5.3501e+07 	6.7001e+07 	-7.83803e+06 	4.32059e+06 	25600
829 	32 	6.11507e+07 	3.21093e+06 	5.0193e+07 	6.6935e+07 	-8.84459e+06 	8.9065e+06 	25600
830 	32 	6.0306e+07 	4.2988e+06 	4.5379e+07 	6.6657e+07 	-8.38063e+06 	7.54447e+06 	25600
831 	32 	6.22438e+07 	1.62357e+06 	5.16e+07 	6.7009e+07 	-8.67616e+06 	5.31984e+06 	25600
832 	32 	6.14486e+07 	2.86887e+06 	4.727e+07 	6.6094e+07 	-8.32266e+06 	8.191e+06 	25600
833 	32 	6.13239e+07 	2.94709e+06 	5.0538e+07 	6.6446e+07 	-8.49197e+06 	7.36431e+06 	25600
834 	32 	6.12875e+07 	2.97761e+06 	5.2197e+07 	6.6481e+07 	-8.72278e+06 	7.66669e+06 	25600
835 	32 	6.21611e+07 	1.60535e+06 	5.2329e+07 	6.6054e+07 	-8.27225e+06 	5.10394e+06 	25600
836 	32 	6.22012e+07 	1.53393e+06 	5.287e+07 	6.5466e+07 	-8.17731e+06 	4.50062e+06 	25600
837 	32 	6.18509e+07 	2.07013e+06 	5.1349e+07 	6.6726e+07 	-8.39447e+06 	8.48075e+06 	25600
838 	32 	6.1119e+07 	3.4314e+06 	4.5461e+07 	6.6225e+07 	-8.39253e+06 	9.42266e+06 	25600
839 	32 	6.21338e+07 	1.0399e+06 	5.3988e+07 	6.6263e+07 	-7.74516e+06 	2.97075e+06 	25600
840 	32 	6.16415e+07 	1.99695e+06 	4.9965e+07 	6.7281e+07 	-6.10766e+06 	4.99781e+06 	25600
841 	32 	6.19337e+07 	1.84659e+06 	5.1773e+07 	6.5745e+07 	-8.42781e+06 	5.89925e+06 	25600
842 	32 	6.20289e+07 	1.69567e+06 	5.2407e+07 	6.5711e+07 	-8.37353e+06 	4.76009e+06 	25600
843 	32 	6.21279e+07 	961555 	5.5341e+07 	6.5396e+07 	-4.90138e+06 	2.78041e+06 	25600
844 	32 	6.21405e+07 	949524 	5.3663e+07 	6.673e+07 	-7.99953e+06 	3.89784e+06 	25600
845 	32 	6.13337e+07 	3.04374e+06 	5.1345e+07 	6.6278e+07 	-8.42997e+06 	1.06196e+07 	25600
846 	32 	6.09207e+07 	3.69018e+06 	4.5195e+07 	6.6487e+07 	-8.54787e+06 	7.52981e+06 	25600
847 	32 	6.22595e+07 	1.56392e+06 	5.2771e+07 	6.565e+07 	-8.719e+06 	4.5575e+06 	25600
848 	32 	6.17303e+07 	2.33751e+06 	4.8859e+07 	6.5375e+07 	-8.29506e+06 	6.21675e+06 	25600
849 	32 	6.13657e+07 	2.88608e+06 	4.9735e+07 	6.6032e+07 	-8.34381e+06 	1.00286e+07 	25600
850 	32 	6.13337e+07 	2.83563e+06 	5.1454e+07 	6.6834e+07 	-8.69706e+06 	9.49153e+06 	25600
851 	32 	6.21531e+07 	1.52181e+06 	5.2315e+07 	6.5546e+07 	-8.06463e+06 	5.65072e+06 	25600
852 	32 	6.21155e+07 	1.52421e+06 	5.2678e+07 	6.5186e+07 	-8.42003e+06 	3.83741e+06 	25600
853 	32 	6.19905e+07 	1.78756e+06 	5.2333e+07 	6.5753e+07 	-8.37441e+06 	4.92419e+06 	25600
854 	32 	6.14982e+07 	2.83814e+06 	4.5611e+07 	6.5795e+07 	-8.49156e+06 	8.67887e+06 	25600
855 	32 	6.21227e+07 	955452 	5.3818e+07 	6.6267e+07 	-8.07772e+06 	4.37937e+06 	25600
856 	32 	6.1755e+07 	2.30908e+06 	4.8497e+07 	6.5616e+07 	-7.797e+06 	2.975e+06 	25600
857 	32 	6.19676e+07 	1.8441e+06 	5.2428e+07 	6.5804e+07 	-8.74053e+06 	7.63972e+06 	25600
858 	32 	6.20522e+07 	1.67097e+06 	5.1173e+07 	6.5805e+07 	-8.24016e+06 	4.29828e+06 	25600
859 	32 	6.21462e+07 	953801 	5.3848e+07 	6.5748e+07 	-7.14613e+06 	3.18613e+06 	25600
860 	32 	6.21502e+07 	932934 	5.3629e+07 	6.5444e+07 	-6.74994e+06 	8.64763e+06 	25600


# Index 5: Results for P3ME_Rev_FFT
797 	32 	6.17656e+07 	3.13046e+06 	5.7363e+07 	7.1259e+07 	-7.81359e+06 	8.23831e+06 	25600
798 	32 	6.159e+07 	2.89736e+06 	5.715e+07 	7.171e+07 	-7.44191e+06 	8.17022e+06 	25600
799 	32 	6.07032e+07 	1.4744e+06 	5.7499e+07 	7.0531e+07 	-4.283e+06 	8.73153e+06 	25600
800 	32 	6.07562e+07 	1.39156e+06 	5.7736e+07 	6.9877e+07 	-3.62647e+06 	7.65019e+06 	25600
801 	32 	6.19599e+07 	3.3667e+06 	5.7518e+07 	7.1694e+07 	-9.77044e+06 	8.60181e+06 	25600
802 	32 	6.18507e+07 	3.21807e+06 	5.7335e+07 	7.1448e+07 	-7.91241e+06 	8.17312e+06 	25600
803 	32 	6.07462e+07 	1.37546e+06 	5.765e+07 	7.0229e+07 	-4.02766e+06 	8.78472e+06 	25600
804 	32 	6.07912e+07 	1.41357e+06 	5.7782e+07 	7.0726e+07 	-3.65722e+06 	8.16678e+06 	25600
805 	32 	6.08039e+07 	1.69603e+06 	5.7405e+07 	7.019e+07 	-4.75291e+06 	8.51981e+06 	25600
806 	32 	6.0761e+07 	1.73269e+06 	5.7263e+07 	6.9888e+07 	-4.54884e+06 	8.27316e+06 	25600
807 	32 	6.08173e+07 	957058 	5.8572e+07 	6.5372e+07 	-3.96806e+06 	4.32013e+06 	25600
808 	32 	6.08225e+07 	957419 	5.8526e+07 	6.9905e+07 	-2.59069e+06 	7.51838e+06 	25600
809 	32 	6.09619e+07 	1.80256e+06 	5.7525e+07 	7.0393e+07 	-5.08181e+06 	8.26181e+06 	25600
810 	32 	6.07886e+07 	1.75883e+06 	5.7609e+07 	7.0502e+07 	-7.51691e+06 	8.08166e+06 	25600
811 	32 	6.09481e+07 	951063 	5.8457e+07 	6.9652e+07 	-2.60344e+06 	7.42306e+06 	25600
812 	32 	6.08161e+07 	952818 	5.8413e+07 	6.92e+07 	-3.19191e+06 	7.27241e+06 	25600
813 	32 	6.17835e+07 	3.1414e+06 	5.7028e+07 	7.137e+07 	-8.78381e+06 	8.39572e+06 	25600
814 	32 	6.12154e+07 	3.56614e+06 	4.6613e+07 	7.1301e+07 	-7.78847e+06 	8.20328e+06 	25600
815 	32 	6.06955e+07 	1.32936e+06 	5.7593e+07 	6.9251e+07 	-6.65209e+06 	7.51744e+06 	25600
816 	32 	6.00841e+07 	2.60071e+06 	4.6309e+07 	6.9715e+07 	-5.89309e+06 	7.77503e+06 	25600
817 	32 	6.14162e+07 	3.75726e+06 	4.6529e+07 	7.1857e+07 	-8.61012e+06 	8.38659e+06 	25600
818 	32 	6.19379e+07 	3.34631e+06 	5.6898e+07 	7.1897e+07 	-7.21312e+06 	8.53938e+06 	25600
819 	32 	6.00459e+07 	2.49057e+06 	5.04e+07 	6.9816e+07 	-4.95431e+06 	7.67653e+06 	25600
820 	32 	6.07329e+07 	1.37653e+06 	5.7537e+07 	7.0204e+07 	-3.51312e+06 	8.30116e+06 	25600
821 	32 	6.07778e+07 	1.65508e+06 	5.7426e+07 	7.0058e+07 	-8.57259e+06 	8.67231e+06 	25600
822 	32 	6.03705e+07 	2.58248e+06 	4.5946e+07 	7.0331e+07 	-5.593e+06 	8.40462e+06 	25600
823 	32 	6.08192e+07 	935276 	5.8467e+07 	6.9881e+07 	-2.92678e+06 	7.86222e+06 	25600
824 	32 	6.02301e+07 	2.40841e+06 	5.0143e+07 	6.9321e+07 	-7.67775e+06 	6.93541e+06 	25600
825 	32 	6.03814e+07 	2.39694e+06 	4.5973e+07 	6.9956e+07 	-5.13163e+06 	8.04681e+06 	25600
826 	32 	6.09033e+07 	1.69106e+06 	5.7557e+07 	7.0552e+07 	-4.27612e+06 	8.23494e+06 	25600
827 	32 	6.02148e+07 	2.4699e+06 	5.0287e+07 	6.8213e+07 	-2.72988e+06 	6.70312e+06 	25600
828 	32 	6.09327e+07 	970417 	5.7633e+07 	6.9867e+07 	-3.88072e+06 	7.77937e+06 	25600
829 	32 	6.18883e+07 	3.46823e+06 	4.6591e+07 	7.2725e+07 	-8.87141e+06 	8.64881e+06 	25600
830 	32 	6.10555e+07 	3.77669e+06 	4.5804e+07 	7.1457e+07 	-7.69975e+06 	7.95913e+06 	25600
831 	32 	6.06357e+07 	1.50855e+06 	4.6391e+07 	7.0175e+07 	-4.87275e+06 	7.89591e+06 	25600
832 	32 	5.97824e+07 	3.168e+06 	4.589e+07 	6.9466e+07 	-3.52491e+06 	7.99866e+06 	25600
833 	32 	6.17256e+07 	3.17764e+06 	4.6533e+07 	7.1701e+07 	-7.02894e+06 	8.21075e+06 	25600
834 	32 	6.17949e+07 	3.18597e+06 	5.7529e+07 	7.1382e+07 	-7.31697e+06 	8.36441e+06 	25600
835 	32 	6.07148e+07 	1.45941e+06 	5.0572e+07 	7.0283e+07 	-5.01756e+06 	8.03597e+06 	25600
836 	32 	6.07027e+07 	1.36172e+06 	5.7571e+07 	6.9536e+07 	-4.26269e+06 	8.00363e+06 	25600
837 	32 	6.08623e+07 	2.21886e+06 	4.617e+07 	6.9987e+07 	-8.21028e+06 	7.96584e+06 	25600
838 	32 	6.03987e+07 	2.43581e+06 	4.6e+07 	7.101e+07 	-9.83872e+06 	8.00847e+06 	25600
839 	32 	6.0757e+07 	1.29308e+06 	4.5752e+07 	6.9354e+07 	-2.66388e+06 	7.3885e+06 	25600
840 	32 	6.0169e+07 	2.4977e+06 	4.5891e+07 	6.9901e+07 	-4.54944e+06 	5.88787e+06 	25600
841 	32 	6.08157e+07 	1.86763e+06 	4.6118e+07 	7.0663e+07 	-5.35856e+06 	8.19e+06 	25600
842 	32 	6.07423e+07 	1.65854e+06 	5.7583e+07 	7.0355e+07 	-4.42019e+06 	8.56291e+06 	25600
843 	32 	6.08111e+07 	1.06827e+06 	4.579e+07 	6.4586e+07 	-2.43741e+06 	4.53325e+06 	25600
844 	32 	6.08075e+07 	928128 	5.7258e+07 	7.0282e+07 	-3.92981e+06 	7.79909e+06 	25600
845 	32 	6.1854e+07 	3.2357e+06 	5.6933e+07 	7.1396e+07 	-1.00387e+07 	7.95169e+06 	25600
846 	32 	6.13486e+07 	3.12807e+06 	4.6558e+07 	7.1327e+07 	-7.32031e+06 	8.54141e+06 	25600
847 	32 	6.07031e+07 	1.42454e+06 	5.7428e+07 	7.0169e+07 	-4.3715e+06 	8.54178e+06 	25600
848 	32 	6.04104e+07 	2.16114e+06 	4.7143e+07 	7.0262e+07 	-5.90541e+06 	7.9835e+06 	25600
849 	32 	6.17233e+07 	3.07764e+06 	5.7374e+07 	7.1714e+07 	-9.73731e+06 	8.12269e+06 	25600
850 	32 	6.17198e+07 	3.0689e+06 	5.7476e+07 	7.1524e+07 	-9.73681e+06 	8.34097e+06 	25600
851 	32 	6.07438e+07 	1.34899e+06 	5.7707e+07 	6.896e+07 	-5.36006e+06 	7.64359e+06 	25600
852 	32 	6.07664e+07 	1.37571e+06 	5.7624e+07 	6.9992e+07 	-3.6765e+06 	8.03109e+06 	25600
853 	32 	6.07957e+07 	1.72392e+06 	5.7587e+07 	7.0106e+07 	-4.85731e+06 	8.21872e+06 	25600
854 	32 	6.05391e+07 	2.33412e+06 	4.6636e+07 	7.0103e+07 	-8.40438e+06 	8.15103e+06 	25600
855 	32 	6.08125e+07 	927822 	5.7895e+07 	7.0017e+07 	-3.87369e+06 	7.76572e+06 	25600
856 	32 	6.0369e+07 	2.13484e+06 	4.5905e+07 	6.5162e+07 	-2.72116e+06 	6.98884e+06 	25600
857 	32 	6.08069e+07 	1.78953e+06 	5.7497e+07 	7.0555e+07 	-7.39731e+06 	8.84481e+06 	25600
858 	32 	6.07397e+07 	1.63214e+06 	5.7287e+07 	6.9872e+07 	-3.82472e+06 	7.926e+06 	25600
859 	32 	6.08178e+07 	928912 	5.7612e+07 	6.8697e+07 	-2.84947e+06 	6.72809e+06 	25600
860 	32 	6.08175e+07 	920744 	5.8236e+07 	6.9222e+07 	-7.77403e+06 	6.67647e+06 	25600


# Index 6: Results for RealSpaceAddForces
797 	32 	6.33017e+06 	2.92288e+06 	4.405e+06 	2.0436e+07 	-3.0495e+06 	1.10978e+06 	25600
798 	32 	6.33012e+06 	2.92298e+06 	4.406e+06 	2.0435e+07 	-3.04984e+06 	1.10716e+06 	25600
799 	32 	6.33007e+06 	2.92295e+06 	4.411e+06 	2.0435e+07 	-3.04994e+06 	1.10766e+06 	25600
800 	32 	6.32986e+06 	2.92296e+06 	4.41e+06 	2.0436e+07 	-3.04863e+06 	1.108e+06 	25600
801 	32 	6.33051e+06 	2.92285e+06 	4.406e+06 	2.0436e+07 	-3.05084e+06 	1.10909e+06 	25600
802 	32 	6.33044e+06 	2.92289e+06 	4.406e+06 	2.0437e+07 	-3.04934e+06 	1.11009e+06 	25600
803 	32 	6.33019e+06 	2.92302e+06 	4.407e+06 	2.0437e+07 	-3.05006e+06 	1.10934e+06 	25600
804 	32 	6.33018e+06 	2.92292e+06 	4.407e+06 	2.0436e+07 	-3.04959e+06 	1.10756e+06 	25600
805 	32 	6.32915e+06 	2.92318e+06 	4.406e+06 	2.0436e+07 	-3.05072e+06 	1.10803e+06 	25600
806 	32 	6.32927e+06 	2.92318e+06 	4.407e+06 	2.0435e+07 	-3.05003e+06 	1.10703e+06 	25600
807 	32 	6.33009e+06 	2.92298e+06 	4.411e+06 	2.0435e+07 	-3.05094e+06 	1.10662e+06 	25600
808 	32 	6.33048e+06 	2.92294e+06 	4.406e+06 	2.0436e+07 	-3.04969e+06 	1.10872e+06 	25600
809 	32 	6.32994e+06 	2.92308e+06 	4.406e+06 	2.0435e+07 	-3.04969e+06 	1.10778e+06 	25600
810 	32 	6.32926e+06 	2.92316e+06 	4.407e+06 	2.0436e+07 	-3.05125e+06 	1.10728e+06 	25600
811 	32 	6.33065e+06 	2.92287e+06 	4.405e+06 	2.0435e+07 	-3.04775e+06 	1.1065e+06 	25600
812 	32 	6.33021e+06 	2.92297e+06 	4.406e+06 	2.0437e+07 	-3.049e+06 	1.10847e+06 	25600
813 	32 	6.33012e+06 	2.92298e+06 	4.406e+06 	2.0435e+07 	-3.05081e+06 	1.10725e+06 	25600
814 	32 	6.32739e+06 	2.92355e+06 	4.405e+06 	2.0437e+07 	-3.04972e+06 	1.10841e+06 	25600
815 	32 	6.32996e+06 	2.92301e+06 	4.405e+06 	2.0437e+07 	-3.05125e+06 	1.1085e+06 	25600
816 	32 	6.32759e+06 	2.92349e+06 	4.407e+06 	2.0435e+07 	-3.05112e+06 	1.10638e+06 	25600
817 	32 	6.32766e+06 	2.92342e+06 	4.396e+06 	2.0435e+07 	-3.05222e+06 	1.10872e+06 	25600
818 	32 	6.33094e+06 	2.92281e+06 	4.406e+06 	2.0436e+07 	-3.05391e+06 	1.10834e+06 	25600
819 	32 	6.32768e+06 	2.92346e+06 	4.401e+06 	2.0436e+07 	-3.05416e+06 	1.10819e+06 	25600
820 	32 	6.33056e+06 	2.92287e+06 	4.406e+06 	2.0437e+07 	-3.05341e+06 	1.10909e+06 	25600
821 	32 	6.32926e+06 	2.92316e+06 	4.406e+06 	2.0435e+07 	-3.051e+06 	1.10681e+06 	25600
822 	32 	6.32692e+06 	2.92364e+06 	4.394e+06 	2.0439e+07 	-3.05097e+06 	1.11034e+06 	25600
823 	32 	6.33022e+06 	2.92297e+06 	4.405e+06 	2.0435e+07 	-3.05013e+06 	1.10694e+06 	25600
824 	32 	6.32833e+06 	2.92334e+06 	4.406e+06 	2.0438e+07 	-3.05075e+06 	1.10934e+06 	25600
825 	32 	6.32669e+06 	2.92369e+06 	4.389e+06 	2.0436e+07 	-3.05291e+06 	1.10763e+06 	25600
826 	32 	6.32966e+06 	2.92309e+06 	4.406e+06 	2.0435e+07 	-3.05125e+06 	1.10669e+06 	25600
827 	32 	6.32809e+06 	2.92341e+06 	4.403e+06 	2.0436e+07 	-3.04972e+06 	1.10766e+06 	25600
828 	32 	6.33061e+06 	2.92289e+06 	4.406e+06 	2.0438e+07 	-3.05094e+06 	1.10934e+06 	25600
829 	32 	6.33038e+06 	2.92287e+06 	4.401e+06 	2.0435e+07 	-3.04966e+06 	1.10791e+06 	25600
830 	32 	6.32641e+06 	2.92377e+06 	4.406e+06 	2.0437e+07 	-3.05166e+06 	1.10834e+06 	25600
831 	32 	6.32991e+06 	2.92301e+06 	4.406e+06 	2.0436e+07 	-3.04953e+06 	1.10756e+06 	25600
832 	32 	6.32643e+06 	2.92372e+06 	4.398e+06 	2.0437e+07 	-3.05075e+06 	1.10834e+06 	25600
833 	32 	6.33018e+06 	2.92298e+06 	4.407e+06 	2.0436e+07 	-3.05069e+06 	1.10775e+06 	25600
834 	32 	6.33031e+06 	2.92297e+06 	4.406e+06 	2.0437e+07 	-3.04963e+06 	1.10856e+06 	25600
835 	32 	6.32986e+06 	2.92302e+06 	4.407e+06 	2.0437e+07 	-3.04984e+06 	1.10853e+06 	25600
836 	32 	6.32993e+06 	2.923e+06 	4.407e+06 	2.0434e+07 	-3.04972e+06 	1.10566e+06 	25600
837 	32 	6.32924e+06 	2.92316e+06 	4.407e+06 	2.0437e+07 	-3.05084e+06 	1.10891e+06 	25600
838 	32 	6.32665e+06 	2.9237e+06 	4.403e+06 	2.0437e+07 	-3.05084e+06 	1.10816e+06 	25600
839 	32 	6.33016e+06 	2.92297e+06 	4.407e+06 	2.0436e+07 	-3.05078e+06 	1.10803e+06 	25600
840 	32 	6.32787e+06 	2.92344e+06 	4.4e+06 	2.0435e+07 	-3.051e+06 	1.10684e+06 	25600
841 	32 	6.32934e+06 	2.92313e+06 	4.406e+06 	2.0434e+07 	-3.05e+06 	1.1055e+06 	25600
842 	32 	6.32933e+06 	2.92315e+06 	4.405e+06 	2.0435e+07 	-3.05031e+06 	1.10672e+06 	25600
843 	32 	6.33031e+06 	2.92295e+06 	4.407e+06 	2.0436e+07 	-3.05075e+06 	1.10753e+06 	25600
844 	32 	6.33031e+06 	2.92295e+06 	4.405e+06 	2.0435e+07 	-3.0485e+06 	1.10672e+06 	25600
845 	32 	6.33046e+06 	2.92286e+06 	4.406e+06 	2.0436e+07 	-3.04912e+06 	1.11031e+06 	25600
846 	32 	6.32817e+06 	2.92338e+06 	4.407e+06 	2.0435e+07 	-3.04975e+06 	1.10741e+06 	25600
847 	32 	6.33048e+06 	2.92285e+06 	4.409e+06 	2.0436e+07 	-3.04981e+06 	1.10838e+06 	25600
848 	32 	6.328e+06 	2.92336e+06 	4.406e+06 	2.0436e+07 	-3.04991e+06 	1.10853e+06 	25600
849 	32 	6.33037e+06 	2.92295e+06 	4.406e+06 	2.0436e+07 	-3.0505e+06 	1.10778e+06 	25600
850 	32 	6.33019e+06 	2.92299e+06 	4.405e+06 	2.0436e+07 	-3.05166e+06 	1.10778e+06 	25600
851 	32 	6.32996e+06 	2.92299e+06 	4.406e+06 	2.0436e+07 	-3.04972e+06 	1.10734e+06 	25600
852 	32 	6.32988e+06 	2.92301e+06 	4.407e+06 	2.0434e+07 	-3.05066e+06 	1.10569e+06 	25600
853 	32 	6.32925e+06 	2.92311e+06 	4.407e+06 	2.0437e+07 	-3.05103e+06 	1.10919e+06 	25600
854 	32 	6.32777e+06 	2.92347e+06 	4.405e+06 	2.0437e+07 	-3.05009e+06 	1.10837e+06 	25600
855 	32 	6.33028e+06 	2.92297e+06 	4.407e+06 	2.0437e+07 	-3.05e+06 	1.10822e+06 	25600
856 	32 	6.32855e+06 	2.9233e+06 	4.406e+06 	2.0436e+07 	-3.05288e+06 	1.10712e+06 	25600
857 	32 	6.32936e+06 	2.92315e+06 	4.406e+06 	2.0435e+07 	-3.05e+06 	1.10609e+06 	25600
858 	32 	6.32934e+06 	2.92315e+06 	4.407e+06 	2.0438e+07 	-3.05063e+06 	1.10937e+06 	25600
859 	32 	6.33033e+06 	2.92294e+06 	4.407e+06 	2.0438e+07 	-3.05031e+06 	1.10959e+06 	25600
860 	32 	6.33031e+06 	2.92294e+06 	4.407e+06 	2.0436e+07 	-3.04959e+06 	1.10753e+06 	25600


# Index 7: Results for RealSpaceDualCore
797 	32 	2.19694e+07 	8.12048e+07 	16999 	4.39603e+08 	-6.68718e+07 	5.19072e+07 	25600
798 	32 	2.19821e+07 	8.12222e+07 	16999 	4.39855e+08 	-6.7517e+07 	5.2065e+07 	25600
799 	32 	2.20768e+07 	8.12697e+07 	17999 	4.41272e+08 	-6.76815e+07 	5.25416e+07 	25600
800 	32 	2.20867e+07 	8.13421e+07 	16999 	4.40742e+08 	-6.75048e+07 	5.24998e+07 	25600
801 	32 	2.19494e+07 	8.11967e+07 	17001 	4.39031e+08 	-6.69901e+07 	5.2175e+07 	25600
802 	32 	2.19647e+07 	8.12021e+07 	16999 	4.40249e+08 	-6.7274e+07 	5.21149e+07 	25600
803 	32 	2.20446e+07 	8.12483e+07 	17999 	4.40112e+08 	-6.72195e+07 	5.24512e+07 	25600
804 	32 	2.20653e+07 	8.12729e+07 	17999 	4.41786e+08 	-6.73322e+07 	5.26339e+07 	25600
805 	32 	2.20988e+07 	8.12437e+07 	17999 	4.40159e+08 	-6.72064e+07 	5.14015e+07 	25600
806 	32 	2.20719e+07 	8.12617e+07 	17999 	4.39368e+08 	-6.74301e+07 	5.14277e+07 	25600
807 	32 	2.20169e+07 	8.12001e+07 	17999 	4.4026e+08 	-6.75082e+07 	5.24085e+07 	25600
808 	32 	2.19968e+07 	8.12149e+07 	17999 	4.40235e+08 	-6.75562e+07 	5.2658e+07 	25600
809 	32 	2.20344e+07 	8.12565e+07 	17999 	4.39937e+08 	-6.72394e+07 	5.18021e+07 	25600
810 	32 	2.20943e+07 	8.12558e+07 	17999 	4.39245e+08 	-6.73311e+07 	5.22946e+07 	25600
811 	32 	2.19453e+07 	8.11951e+07 	17001 	4.4068e+08 	-6.77823e+07 	5.25258e+07 	25600
812 	32 	2.20103e+07 	8.11973e+07 	17001 	4.39806e+08 	-6.73362e+07 	5.25119e+07 	25600
813 	32 	2.19394e+07 	8.11576e+07 	17999 	4.39257e+08 	-6.74081e+07 	5.18857e+07 	25600
814 	32 	2.26204e+07 	8.12903e+07 	16999 	4.51535e+08 	-6.75959e+07 	5.11769e+07 	25600
815 	32 	2.20598e+07 	8.12919e+07 	17999 	4.40549e+08 	-6.73304e+07 	5.25127e+07 	25600
816 	32 	2.2611e+07 	8.13442e+07 	17999 	4.46163e+08 	-6.72572e+07 	5.24759e+07 	25600
817 	32 	2.26697e+07 	8.13284e+07 	17999 	4.57503e+08 	-6.74565e+07 	5.2851e+07 	25600
818 	32 	2.19065e+07 	8.11357e+07 	17999 	4.38456e+08 	-6.73507e+07 	5.19935e+07 	25600
819 	32 	2.26819e+07 	8.13504e+07 	17000 	4.55486e+08 	-6.72339e+07 	5.23365e+07 	25600
820 	32 	2.20103e+07 	8.12082e+07 	17999 	4.393e+08 	-6.74538e+07 	5.27913e+07 	25600
821 	32 	2.20926e+07 	8.12357e+07 	17999 	4.39566e+08 	-6.72216e+07 	5.14848e+07 	25600
822 	32 	2.26673e+07 	8.13227e+07 	17999 	4.46346e+08 	-6.72803e+07 	5.14828e+07 	25600
823 	32 	2.2005e+07 	8.11894e+07 	17999 	4.40923e+08 	-6.7495e+07 	5.25989e+07 	25600
824 	32 	2.24824e+07 	8.12782e+07 	17999 	4.4709e+08 	-6.77748e+07 	5.2636e+07 	25600
825 	32 	2.26925e+07 	8.13268e+07 	17000 	4.57577e+08 	-6.74713e+07 	5.32028e+07 	25600
826 	32 	2.20394e+07 	8.12378e+07 	17999 	4.38515e+08 	-6.70408e+07 	5.1787e+07 	25600
827 	32 	2.2522e+07 	8.13209e+07 	17999 	4.54836e+08 	-6.72578e+07 	5.23353e+07 	25600
828 	32 	2.19545e+07 	8.1186e+07 	17999 	4.39508e+08 	-6.73307e+07 	5.24996e+07 	25600
829 	32 	2.19854e+07 	8.12156e+07 	17001 	4.38799e+08 	-6.72825e+07 	5.12427e+07 	25600
830 	32 	2.28469e+07 	8.1304e+07 	17999 	4.60036e+08 	-6.71807e+07 	5.22031e+07 	25600
831 	32 	2.20623e+07 	8.12396e+07 	17001 	4.39901e+08 	-6.74663e+07 	5.28917e+07 	25600
832 	32 	2.29088e+07 	8.1408e+07 	17999 	4.56972e+08 	-6.75165e+07 	5.26391e+07 	25600
833 	32 	2.19545e+07 	8.1137e+07 	16999 	4.37234e+08 	-6.70781e+07 	5.07491e+07 	25600
834 	32 	2.19394e+07 	8.11583e+07 	16999 	4.40316e+08 	-6.68962e+07 	5.21389e+07 	25600
835 	32 	2.20605e+07 	8.12386e+07 	17999 	4.40652e+08 	-6.76723e+07 	5.23628e+07 	25600
836 	32 	2.2049e+07 	8.12648e+07 	17000 	4.42523e+08 	-6.72175e+07 	5.2323e+07 	25600
837 	32 	2.21296e+07 	8.13611e+07 	17999 	4.53834e+08 	-6.72574e+07 	5.20786e+07 	25600
838 	32 	2.27576e+07 	8.14705e+07 	17999 	4.5209e+08 	-6.72563e+07 	5.20167e+07 	25600
839 	32 	2.20355e+07 	8.12535e+07 	17001 	4.45067e+08 	-6.75075e+07 	5.23812e+07 	25600
840 	32 	2.26164e+07 	8.13819e+07 	17999 	4.48451e+08 	-6.76767e+07 	5.23625e+07 	25600
841 	32 	2.20987e+07 	8.12862e+07 	17999 	4.39744e+08 	-6.72472e+07 	5.13715e+07 	25600
842 	32 	2.20854e+07 	8.12563e+07 	17999 	4.39056e+08 	-6.72736e+07 	5.13578e+07 	25600
843 	32 	2.20062e+07 	8.12208e+07 	17999 	4.39934e+08 	-6.7503e+07 	5.2582e+07 	25600
844 	32 	2.1998e+07 	8.12139e+07 	17999 	4.40482e+08 	-6.73912e+07 	5.26122e+07 	25600
845 	32 	2.1947e+07 	8.11891e+07 	17000 	4.38339e+08 	-6.71789e+07 	5.17975e+07 	25600
846 	32 	2.24043e+07 	8.12725e+07 	17999 	4.49622e+08 	-6.75516e+07 	5.14631e+07 	25600
847 	32 	2.20678e+07 	8.12992e+07 	16999 	4.41242e+08 	-6.72803e+07 	5.25441e+07 	25600
848 	32 	2.247e+07 	8.1299e+07 	17999 	4.45587e+08 	-6.7302e+07 	5.24022e+07 	25600
849 	32 	2.19386e+07 	8.11839e+07 	17999 	4.38857e+08 	-6.71382e+07 	5.22243e+07 	25600
850 	32 	2.19504e+07 	8.11315e+07 	16999 	4.37871e+08 	-6.70214e+07 	5.03364e+07 	25600
851 	32 	2.20557e+07 	8.12826e+07 	17999 	4.41489e+08 	-6.73573e+07 	5.23976e+07 	25600
852 	32 	2.20538e+07 	8.12196e+07 	17999 	4.41036e+08 	-6.75449e+07 	5.24806e+07 	25600
853 	32 	2.20873e+07 	8.12457e+07 	17999 	4.40082e+08 	-6.73503e+07 	5.13461e+07 	25600
854 	32 	2.24809e+07 	8.14316e+07 	17999 	4.61228e+08 	-6.71544e+07 	5.2226e+07 	25600
855 	32 	2.20047e+07 	8.12275e+07 	17999 	4.40597e+08 	-6.72953e+07 	5.24209e+07 	25600
856 	32 	2.24389e+07 	8.13352e+07 	17001 	4.56426e+08 	-6.72829e+07 	5.25051e+07 	25600
857 	32 	2.20828e+07 	8.12733e+07 	17999 	4.38457e+08 	-6.72046e+07 	5.13363e+07 	25600
858 	32 	2.20752e+07 	8.12299e+07 	17999 	4.39248e+08 	-6.77552e+07 	5.13963e+07 	25600
859 	32 	2.19929e+07 	8.12187e+07 	17001 	4.39412e+08 	-6.75528e+07 	5.22744e+07 	25600
860 	32 	2.19868e+07 	8.11726e+07 	17000 	4.39841e+08 	-6.76001e+07 	5.22656e+07 	25600


# Index 8: Results for ReduceForces_Cntl
797 	32 	1.8114e+07 	1.34451e+07 	6.716e+06 	1.33689e+08 	-5.20928e+07 	5.86148e+07 	25600
798 	32 	1.81083e+07 	1.34322e+07 	7.34e+06 	1.34038e+08 	-5.21878e+07 	5.93713e+07 	25600
799 	32 	1.81149e+07 	1.35454e+07 	6.317e+06 	1.3386e+08 	-5.41701e+07 	5.92546e+07 	25600
800 	32 	1.8098e+07 	1.35136e+07 	6.621e+06 	1.34254e+08 	-5.42173e+07 	5.95441e+07 	25600
801 	32 	1.812e+07 	1.34873e+07 	7.248e+06 	1.34729e+08 	-5.21476e+07 	5.89405e+07 	25600
802 	32 	1.81282e+07 	1.3448e+07 	7.211e+06 	1.34926e+08 	-5.22721e+07 	5.94422e+07 	25600
803 	32 	1.8111e+07 	1.35728e+07 	6.472e+06 	1.33777e+08 	-5.42047e+07 	5.91681e+07 	25600
804 	32 	1.81249e+07 	1.35762e+07 	6.535e+06 	1.34604e+08 	-5.36449e+07 	5.90996e+07 	25600
805 	32 	1.82016e+07 	1.34376e+07 	7.443e+06 	1.33343e+08 	-5.14696e+07 	5.87498e+07 	25600
806 	32 	1.81664e+07 	1.34611e+07 	7.181e+06 	1.32509e+08 	-5.15403e+07 	5.90533e+07 	25600
807 	32 	1.81248e+07 	1.36823e+07 	7.063e+06 	1.34277e+08 	-5.42264e+07 	5.92444e+07 	25600
808 	32 	1.80866e+07 	1.37139e+07 	6.371e+06 	1.35037e+08 	-5.27396e+07 	5.93496e+07 	25600
809 	32 	1.81655e+07 	1.34318e+07 	7.488e+06 	1.33604e+08 	-5.18815e+07 	5.88501e+07 	25600
810 	32 	1.8202e+07 	1.34262e+07 	7.489e+06 	1.33475e+08 	-5.23355e+07 	5.93187e+07 	25600
811 	32 	1.809e+07 	1.37067e+07 	6.874e+06 	1.35498e+08 	-5.39003e+07 	5.92294e+07 	25600
812 	32 	1.81325e+07 	1.37083e+07 	6.385e+06 	1.35253e+08 	-5.30393e+07 	5.97763e+07 	25600
813 	32 	1.81035e+07 	1.34356e+07 	7.403e+06 	1.33987e+08 	-5.16133e+07 	5.94028e+07 	25600
814 	32 	1.79514e+07 	1.32811e+07 	5.815e+06 	1.34614e+08 	-5.11653e+07 	5.96694e+07 	25600
815 	32 	1.81006e+07 	1.35417e+07 	6.614e+06 	1.34127e+08 	-5.37054e+07 	5.94717e+07 	25600
816 	32 	1.79492e+07 	1.34047e+07 	5.906e+06 	1.33894e+08 	-5.35985e+07 	5.90701e+07 	25600
817 	32 	1.79373e+07 	1.33342e+07 	5.815e+06 	1.32676e+08 	-5.24194e+07 	5.87873e+07 	25600
818 	32 	1.80893e+07 	1.34791e+07 	7.273e+06 	1.35143e+08 	-5.21255e+07 	5.93163e+07 	25600
819 	32 	1.79458e+07 	1.34259e+07 	5.938e+06 	1.34377e+08 	-5.35496e+07 	5.9754e+07 	25600
820 	32 	1.81017e+07 	1.35753e+07 	6.659e+06 	1.34816e+08 	-5.42905e+07 	5.99478e+07 	25600
821 	32 	1.81933e+07 	1.34542e+07 	7.448e+06 	1.33227e+08 	-5.13374e+07 	5.87375e+07 	25600
822 	32 	1.80926e+07 	1.33566e+07 	5.972e+06 	1.32134e+08 	-5.14831e+07 	5.89157e+07 	25600
823 	32 	1.81152e+07 	1.36925e+07 	7.106e+06 	1.35001e+08 	-5.31736e+07 	5.9394e+07 	25600
824 	32 	1.79479e+07 	1.36302e+07 	5.903e+06 	1.34705e+08 	-5.28442e+07 	5.95764e+07 	25600
825 	32 	1.80541e+07 	1.34319e+07 	5.915e+06 	1.33682e+08 	-5.22422e+07 	5.91671e+07 	25600
826 	32 	1.81832e+07 	1.3453e+07 	7.383e+06 	1.33618e+08 	-5.17175e+07 	5.90971e+07 	25600
827 	32 	1.79669e+07 	1.35769e+07 	5.984e+06 	1.34901e+08 	-5.36224e+07 	5.98335e+07 	25600
828 	32 	1.81068e+07 	1.37113e+07 	6.654e+06 	1.34856e+08 	-5.28368e+07 	5.96667e+07 	25600
829 	32 	1.80479e+07 	1.34351e+07 	5.941e+06 	1.33526e+08 	-5.1743e+07 	5.90966e+07 	25600
830 	32 	1.79453e+07 	1.33466e+07 	5.845e+06 	1.35322e+08 	-5.21609e+07 	5.88343e+07 	25600
831 	32 	1.80348e+07 	1.35471e+07 	5.998e+06 	1.34101e+08 	-5.3727e+07 	5.95942e+07 	25600
832 	32 	1.79852e+07 	1.34071e+07 	5.811e+06 	1.34215e+08 	-5.39954e+07 	5.94064e+07 	25600
833 	32 	1.81088e+07 	1.34651e+07 	6.217e+06 	1.32668e+08 	-5.07608e+07 	5.87068e+07 	25600
834 	32 	1.81299e+07 	1.346e+07 	7.448e+06 	1.33579e+08 	-5.18812e+07 	5.87992e+07 	25600
835 	32 	1.80959e+07 	1.35332e+07 	6.304e+06 	1.32584e+08 	-5.42171e+07 	5.97372e+07 	25600
836 	32 	1.81227e+07 	1.35375e+07 	6.86e+06 	1.34371e+08 	-5.39962e+07 	5.91384e+07 	25600
837 	32 	1.815e+07 	1.34482e+07 	6.028e+06 	1.33757e+08 	-5.19943e+07 	5.91088e+07 	25600
838 	32 	1.80176e+07 	1.33458e+07 	5.74e+06 	1.33476e+08 	-5.1868e+07 	5.88002e+07 	25600
839 	32 	1.80631e+07 	1.37012e+07 	5.909e+06 	1.359e+08 	-5.42753e+07 	5.96788e+07 	25600
840 	32 	1.79413e+07 	1.35935e+07 	5.893e+06 	1.36208e+08 	-5.41212e+07 	5.94362e+07 	25600
841 	32 	1.81826e+07 	1.34486e+07 	6.235e+06 	1.34128e+08 	-5.14694e+07 	5.93269e+07 	25600
842 	32 	1.82244e+07 	1.34847e+07 	7.513e+06 	1.33296e+08 	-5.1333e+07 	5.9089e+07 	25600
843 	32 	1.81017e+07 	1.36853e+07 	6.164e+06 	1.34222e+08 	-5.39273e+07 	5.98626e+07 	25600
844 	32 	1.81366e+07 	1.36967e+07 	6.88e+06 	1.34969e+08 	-5.41638e+07 	5.92887e+07 	25600
845 	32 	1.81115e+07 	1.34441e+07 	7.355e+06 	1.33696e+08 	-5.16382e+07 	5.88471e+07 	25600
846 	32 	1.80093e+07 	1.33855e+07 	5.807e+06 	1.34129e+08 	-5.17594e+07 	5.95458e+07 	25600
847 	32 	1.81333e+07 	1.35507e+07 	6.57e+06 	1.3401e+08 	-5.39078e+07 	5.91854e+07 	25600
848 	32 	1.80215e+07 	1.34969e+07 	5.713e+06 	1.34271e+08 	-5.40172e+07 	5.94806e+07 	25600
849 	32 	1.80977e+07 	1.34312e+07 	7.418e+06 	1.34139e+08 	-5.23034e+07 	5.89826e+07 	25600
850 	32 	1.81003e+07 	1.34196e+07 	7.419e+06 	1.32104e+08 	-5.03872e+07 	5.87793e+07 	25600
851 	32 	1.8093e+07 	1.35339e+07 	6.65e+06 	1.35102e+08 	-5.38745e+07 	5.93925e+07 	25600
852 	32 	1.80997e+07 	1.35342e+07 	6.693e+06 	1.34662e+08 	-5.36459e+07 	5.96867e+07 	25600
853 	32 	1.82093e+07 	1.34282e+07 	7.434e+06 	1.34034e+08 	-5.12818e+07 	5.91103e+07 	25600
854 	32 	1.80723e+07 	1.33406e+07 	5.911e+06 	1.33239e+08 	-5.21163e+07 	5.89912e+07 	25600
855 	32 	1.81335e+07 	1.37018e+07 	6.857e+06 	1.35235e+08 	-5.40659e+07 	5.91366e+07 	25600
856 	32 	1.80438e+07 	1.36081e+07 	5.783e+06 	1.35682e+08 	-5.47759e+07 	5.91872e+07 	25600
857 	32 	1.81869e+07 	1.34211e+07 	7.454e+06 	1.33151e+08 	-5.15888e+07 	5.89115e+07 	25600
858 	32 	1.81964e+07 	1.34522e+07 	7.463e+06 	1.34857e+08 	-5.1371e+07 	5.9304e+07 	25600
859 	32 	1.81106e+07 	1.36956e+07 	6.702e+06 	1.3409e+08 	-5.33929e+07 	5.92311e+07 	25600
860 	32 	1.81102e+07 	1.36886e+07 	7.164e+06 	1.35308e+08 	-5.24162e+07 	5.97295e+07 	25600


# Index 9: Results for _remd_allreduce_energies_
797 	32 	122293 	1.29078e+06 	0 	1.8156e+07 	-2.00623e+10 	3.16697e+11 	25600
798 	32 	143941 	1.81236e+06 	0 	4.2549e+07 	-2.00439e+10 	3.16704e+11 	25600
799 	32 	123247 	1.30077e+06 	0 	1.8495e+07 	-2.00599e+10 	3.16699e+11 	25600
800 	32 	144813 	1.81698e+06 	0 	4.2523e+07 	-2.00438e+10 	3.16703e+11 	25600
801 	32 	79641.5 	858682 	0 	1.4567e+07 	-2.00455e+10 	3.16682e+11 	25600
802 	32 	1.03964e+06 	2.72346e+07 	0 	7.71269e+08 	-2.21613e+10 	3.167e+11 	25600
803 	32 	78967.8 	852903 	0 	1.4558e+07 	-2.00429e+10 	3.16683e+11 	25600
804 	32 	1.02492e+06 	2.68101e+07 	0 	7.58409e+08 	-2.21145e+10 	3.16699e+11 	25600
805 	32 	122310 	1.29506e+06 	0 	1.8083e+07 	-2.0066e+10 	3.16696e+11 	25600
806 	32 	143725 	1.8299e+06 	0 	4.3306e+07 	-2.00493e+10 	3.16703e+11 	25600
807 	32 	123240 	1.30281e+06 	0 	1.8146e+07 	-2.00662e+10 	3.16699e+11 	25600
808 	32 	145039 	1.83748e+06 	0 	4.3356e+07 	-2.00508e+10 	3.16704e+11 	25600
809 	32 	75061.2 	834857 	0 	1.4561e+07 	-2.00474e+10 	3.16685e+11 	25600
810 	32 	942766 	2.45232e+07 	0 	6.93646e+08 	-2.19162e+10 	3.16698e+11 	25600
811 	32 	76639.3 	850367 	0 	1.4889e+07 	-2.00475e+10 	3.16687e+11 	25600
812 	32 	925435 	2.40102e+07 	0 	6.79115e+08 	-2.18785e+10 	3.167e+11 	25600
813 	32 	85519.1 	905629 	0 	1.4651e+07 	-2.00554e+10 	3.16695e+11 	25600
814 	32 	976833 	2.48156e+07 	0 	7.01649e+08 	-2.14355e+10 	3.16704e+11 	25600
815 	32 	86247.4 	912549 	0 	1.4825e+07 	-2.00558e+10 	3.16695e+11 	25600
816 	32 	958188 	2.42822e+07 	0 	6.86542e+08 	-2.13917e+10 	3.16705e+11 	25600
817 	32 	1.04533e+06 	2.70621e+07 	0 	7.65476e+08 	-2.00239e+10 	3.15853e+11 	25600
818 	32 	47148 	613560 	0 	1.2781e+07 	-2.00653e+10 	3.16709e+11 	25600
819 	32 	1.02845e+06 	2.65343e+07 	0 	7.50508e+08 	-2.00251e+10 	3.15915e+11 	25600
820 	32 	46881.9 	606004 	0 	1.2232e+07 	-2.00646e+10 	3.16709e+11 	25600
821 	32 	81290.6 	851788 	0 	1.2067e+07 	-2.00555e+10 	3.16699e+11 	25600
822 	32 	872765 	2.20151e+07 	0 	6.22362e+08 	-2.11955e+10 	3.16702e+11 	25600
823 	32 	82320.3 	861282 	0 	1.2132e+07 	-2.00559e+10 	3.16702e+11 	25600
824 	32 	856513 	2.15171e+07 	0 	6.08233e+08 	-2.11585e+10 	3.16705e+11 	25600
825 	32 	887439 	2.26865e+07 	0 	6.41577e+08 	-2.0033e+10 	3.16038e+11 	25600
826 	32 	44005.3 	584027 	0 	1.1954e+07 	-2.00647e+10 	3.16711e+11 	25600
827 	32 	870221 	2.21769e+07 	0 	6.27132e+08 	-2.00334e+10 	3.16082e+11 	25600
828 	32 	44917.5 	592662 	0 	1.2043e+07 	-2.00631e+10 	3.16713e+11 	25600
829 	32 	198009 	2.50583e+06 	0 	4.866e+07 	-2.01372e+10 	3.16698e+11 	25600
830 	32 	2.5131e+06 	4.89565e+07 	0 	1.05644e+09 	-2.29826e+10 	3.16836e+11 	25600
831 	32 	197771 	2.50536e+06 	0 	4.8618e+07 	-2.0137e+10 	3.16699e+11 	25600
832 	32 	2.40672e+06 	4.69628e+07 	0 	1.04082e+09 	-2.29365e+10 	3.16789e+11 	25600
833 	32 	77978.7 	899054 	0 	1.4919e+07 	-2.00406e+10 	3.167e+11 	25600
834 	32 	67970.7 	776532 	0 	1.4712e+07 	-2.00491e+10 	3.16707e+11 	25600
835 	32 	78988.2 	906112 	0 	1.4886e+07 	-2.00413e+10 	3.16702e+11 	25600
836 	32 	68203.6 	778262 	0 	1.4823e+07 	-2.00485e+10 	3.16706e+11 	25600
837 	32 	181920 	2.35664e+06 	0 	4.9691e+07 	-2.01036e+10 	3.16695e+11 	25600
838 	32 	1.92013e+06 	3.70153e+07 	0 	7.49572e+08 	-2.21447e+10 	3.16726e+11 	25600
839 	32 	182516 	2.36446e+06 	0 	4.9872e+07 	-2.01044e+10 	3.16696e+11 	25600
840 	32 	1.90116e+06 	3.66289e+07 	0 	7.4965e+08 	-2.21042e+10 	3.16725e+11 	25600
841 	32 	72188.8 	849642 	0 	1.4634e+07 	-2.00409e+10 	3.16699e+11 	25600
842 	32 	62890.8 	709983 	0 	1.2829e+07 	-2.00537e+10 	3.16705e+11 	25600
843 	32 	72592.2 	853870 	0 	1.465e+07 	-2.00413e+10 	3.16697e+11 	25600
844 	32 	64599.3 	728132 	0 	1.3062e+07 	-2.00523e+10 	3.16707e+11 	25600
845 	32 	73177.8 	831182 	0 	1.3569e+07 	-2.00459e+10 	3.16703e+11 	25600
846 	32 	2.08426e+06 	4.32369e+07 	0 	1.11588e+09 	-2.318e+10 	3.17115e+11 	25600
847 	32 	74055.9 	845562 	0 	1.4027e+07 	-2.0046e+10 	3.16702e+11 	25600
848 	32 	2.04726e+06 	4.26276e+07 	0 	1.10517e+09 	-2.31349e+10 	3.17068e+11 	25600
849 	32 	525303 	1.26835e+07 	0 	3.57963e+08 	-2.09153e+10 	3.16713e+11 	25600
850 	32 	89275 	978089 	0 	1.5386e+07 	-2.00468e+10 	3.16697e+11 	25600
851 	32 	506869 	1.21699e+07 	0 	3.43376e+08 	-2.08685e+10 	3.16714e+11 	25600
852 	32 	89897.1 	986185 	0 	1.5413e+07 	-2.00463e+10 	3.16696e+11 	25600
853 	32 	66627.1 	774750 	0 	1.2997e+07 	-2.00458e+10 	3.16704e+11 	25600
854 	32 	1.90334e+06 	3.97704e+07 	0 	1.03758e+09 	-2.29466e+10 	3.16946e+11 	25600
855 	32 	68104.1 	786222 	0 	1.3096e+07 	-2.0046e+10 	3.16704e+11 	25600
856 	32 	1.86736e+06 	3.90983e+07 	0 	1.02313e+09 	-2.29081e+10 	3.16895e+11 	25600
857 	32 	403808 	9.34429e+06 	0 	2.63144e+08 	-2.06257e+10 	3.1672e+11 	25600
858 	32 	83973.1 	953973 	0 	1.5188e+07 	-2.00481e+10 	3.16696e+11 	25600
859 	32 	386884 	8.84542e+06 	0 	2.48921e+08 	-2.05838e+10 	3.16719e+11 	25600
860 	32 	84647.6 	959620 	0 	1.5273e+07 	-2.00477e+10 	3.16695e+11 	25600


# Index 10: Results for _remd_copy_energies_
797 	32 	75.7061 	754.906 	0 	8001 	-1.08114e+17 	3.35149e+18 	25600
798 	32 	76.1351 	759.113 	0 	8001 	-1.08114e+17 	3.35149e+18 	25600
799 	32 	75.9403 	757.206 	0 	8001 	-1.08114e+17 	3.35149e+18 	25600
800 	32 	76.2521 	760.257 	0 	8001 	-1.08114e+17 	3.35149e+18 	25600
801 	32 	76.3314 	761.031 	0 	8001 	-1.08114e+17 	3.35149e+18 	25600
802 	32 	76.9168 	766.72 	0 	8001 	-1.08114e+17 	3.35149e+18 	25600
803 	32 	76.253 	760.266 	0 	8001 	-1.08114e+17 	3.35149e+18 	25600
804 	32 	76.7207 	764.819 	0 	8001 	-1.08114e+17 	3.35149e+18 	25600
805 	32 	75.8621 	756.439 	0 	8001 	-1.08114e+17 	3.35149e+18 	25600
806 	32 	75.9791 	757.586 	0 	8001 	-1.08114e+17 	3.35149e+18 	25600
807 	32 	75.8232 	756.057 	0 	8001 	-1.08114e+17 	3.35149e+18 	25600
808 	32 	76.1345 	759.108 	0 	8001 	-1.08114e+17 	3.35149e+18 	25600
809 	32 	76.7998 	765.587 	0 	8001 	-1.08114e+17 	3.35149e+18 	25600
810 	32 	76.6042 	763.688 	0 	8001 	-1.08114e+17 	3.35149e+18 	25600
811 	32 	76.4483 	762.17 	0 	8001 	-1.08114e+17 	3.35149e+18 	25600
812 	32 	76.878 	766.345 	0 	8001 	-1.08114e+17 	3.35149e+18 	25600
813 	32 	76.3707 	761.414 	0 	8001 	-1.08114e+17 	3.35149e+18 	25600
814 	32 	76.2525 	760.26 	0 	8001 	-1.08114e+17 	3.35149e+18 	25600
815 	32 	76.2531 	760.267 	0 	8001 	-1.08114e+17 	3.35149e+18 	25600
816 	32 	75.979 	757.585 	0 	8001 	-1.08114e+17 	3.35149e+18 	25600
817 	32 	77.3473 	770.877 	0 	8001 	-1.08114e+17 	3.35149e+18 	25600
818 	32 	76.5259 	762.927 	0 	8001 	-1.08114e+17 	3.35149e+18 	25600
819 	32 	76.8779 	766.344 	0 	8001 	-1.08114e+17 	3.35149e+18 	25600
820 	32 	76.6428 	764.063 	0 	8001 	-1.08114e+17 	3.35149e+18 	25600
821 	32 	76.5264 	762.93 	0 	8001 	-1.08114e+17 	3.35149e+18 	25600
822 	32 	76.1351 	759.113 	0 	8001 	-1.08114e+17 	3.35149e+18 	25600
823 	32 	76.4484 	762.171 	0 	8001 	-1.08114e+17 	3.35149e+18 	25600
824 	32 	76.2526 	760.262 	0 	8001 	-1.08114e+17 	3.35149e+18 	25600
825 	32 	76.605 	763.695 	0 	8001 	-1.08114e+17 	3.35149e+18 	25600
826 	32 	76.4477 	762.165 	0 	8001 	-1.08114e+17 	3.35149e+18 	25600
827 	32 	76.8005 	765.594 	0 	8001 	-1.08114e+17 	3.35149e+18 	25600
828 	32 	77.0729 	768.231 	0 	8001 	-1.08114e+17 	3.35149e+18 	25600
829 	32 	76.4878 	762.556 	0 	8001 	-1.08114e+17 	3.35149e+18 	25600
830 	32 	76.5263 	762.929 	0 	8001 	-1.08114e+17 	3.35149e+18 	25600
831 	32 	76.2924 	760.651 	0 	8001 	-1.08114e+17 	3.35149e+18 	25600
832 	32 	76.4086 	761.783 	0 	8001 	-1.08114e+17 	3.35149e+18 	25600
833 	32 	76.6826 	764.45 	0 	8001 	-1.08114e+17 	3.35149e+18 	25600
834 	32 	76.6046 	763.692 	0 	8001 	-1.08114e+17 	3.35149e+18 	25600
835 	32 	76.37 	761.408 	0 	8001 	-1.08114e+17 	3.35149e+18 	25600
836 	32 	76.5263 	762.93 	0 	8001 	-1.08114e+17 	3.35149e+18 	25600
837 	32 	76.4486 	762.173 	0 	8001 	-1.08114e+17 	3.35149e+18 	25600
838 	32 	76.8775 	766.34 	0 	8001 	-1.08114e+17 	3.35149e+18 	25600
839 	32 	76.6046 	763.691 	0 	8001 	-1.08114e+17 	3.35149e+18 	25600
840 	32 	76.6438 	764.072 	0 	8001 	-1.08114e+17 	3.35149e+18 	25600
841 	32 	76.6437 	764.072 	0 	8001 	-1.08114e+17 	3.35149e+18 	25600
842 	32 	76.6434 	764.069 	0 	8001 	-1.08114e+17 	3.35149e+18 	25600
843 	32 	76.6046 	763.691 	0 	8001 	-1.08114e+17 	3.35149e+18 	25600
844 	32 	76.1352 	759.114 	0 	8001 	-1.08114e+17 	3.35149e+18 	25600
845 	32 	76.2533 	760.269 	0 	8001 	-1.08114e+17 	3.35149e+18 	25600
846 	32 	76.6823 	764.447 	0 	8001 	-1.08114e+17 	3.35149e+18 	25600
847 	32 	76.7219 	764.831 	0 	8001 	-1.08114e+17 	3.35149e+18 	25600
848 	32 	76.6819 	764.442 	0 	8001 	-1.08114e+17 	3.35149e+18 	25600
849 	32 	75.8625 	756.443 	0 	8001 	-1.08114e+17 	3.35149e+18 	25600
850 	32 	76.4087 	761.784 	0 	8001 	-1.08114e+17 	3.35149e+18 	25600
851 	32 	76.1362 	759.125 	0 	8001 	-1.08114e+17 	3.35149e+18 	25600
852 	32 	76.2136 	759.88 	0 	8001 	-1.08114e+17 	3.35149e+18 	25600
853 	32 	76.7218 	764.83 	0 	8001 	-1.08114e+17 	3.35149e+18 	25600
854 	32 	76.6044 	763.689 	0 	8001 	-1.08114e+17 	3.35149e+18 	25600
855 	32 	76.6439 	764.074 	0 	8001 	-1.08114e+17 	3.35149e+18 	25600
856 	32 	76.8778 	766.343 	0 	8001 	-1.08114e+17 	3.35149e+18 	25600
857 	32 	76.7612 	765.213 	0 	8001 	-1.08114e+17 	3.35149e+18 	25600
858 	32 	76.5262 	762.929 	0 	8001 	-1.08114e+17 	3.35149e+18 	25600
859 	32 	76.2527 	760.263 	0 	8001 	-1.08114e+17 	3.35149e+18 	25600
860 	32 	76.3307 	761.023 	0 	8001 	-1.08114e+17 	3.35149e+18 	25600


# Index 11: Results for _remd_swapping_step
797 	32 	178.9 	1780.99 	0 	18999 	-1468.75 	999.75 	25600
798 	32 	178.625 	1778.35 	0 	18999 	-1000 	1092.84 	25600
799 	32 	178.743 	1779.49 	0 	18999 	-1001 	1031.25 	25600
800 	32 	178.118 	1773.31 	0 	18999 	-1093.78 	1218.75 	25600
801 	32 	178.275 	1774.73 	0 	19001 	-1029.5 	1063.56 	25600
802 	32 	178.118 	1773.15 	0 	18999 	-1093.75 	1187.47 	25600
803 	32 	178.391 	1775.91 	0 	18999 	-1469.91 	1031.22 	25600
804 	32 	178.156 	1773.58 	0 	19001 	-1031.28 	1124.97 	25600
805 	32 	178.508 	1777.08 	0 	19001 	-1375 	1187.47 	25600
806 	32 	178.86 	1780.56 	0 	18999 	-1032.16 	1187.47 	25600
807 	32 	178.43 	1776.23 	0 	18999 	-1000 	1187.47 	25600
808 	32 	178.703 	1779 	0 	19001 	-1436.38 	1063.5 	25600
809 	32 	178.625 	1778.3 	0 	19001 	-1001 	1062.47 	25600
810 	32 	178.157 	1773.55 	0 	18999 	-1062.5 	1094.78 	25600
811 	32 	178.274 	1774.77 	0 	18999 	-1344.91 	1063.62 	25600
812 	32 	178.157 	1773.58 	0 	18999 	-1125.03 	1063.56 	25600
813 	32 	178.744 	1779.5 	0 	19001 	-1063.56 	1250.88 	25600
814 	32 	178.821 	1780.25 	0 	18999 	-1531.25 	1001.06 	25600
815 	32 	178.587 	1778.12 	0 	19001 	-1001 	1094.72 	25600
816 	32 	178.508 	1777.07 	0 	18999 	-875.938 	1124.97 	25600
817 	32 	178.314 	1775.16 	0 	19001 	-1094.03 	1124.88 	25600
818 	32 	178.782 	1779.82 	0 	18999 	-1031.25 	1093.72 	25600
819 	32 	178.274 	1774.79 	0 	19001 	-1062.5 	1032.22 	25600
820 	32 	178.43 	1776.27 	0 	18999 	-1063.38 	1218.72 	25600
821 	32 	178.43 	1776.49 	0 	18999 	-1000 	1000 	25600
822 	32 	178.625 	1778.3 	0 	18999 	-1031.25 	1063.56 	25600
823 	32 	178.821 	1780.25 	0 	18999 	-1000.94 	1000 	25600
824 	32 	178.782 	1779.8 	0 	18999 	-1093.75 	1061.5 	25600
825 	32 	178.391 	1775.89 	0 	19001 	-1000 	1094.72 	25600
826 	32 	178.547 	1777.41 	0 	18999 	-1000 	1124.97 	25600
827 	32 	178.391 	1775.89 	0 	18999 	-1000 	1063.5 	25600
828 	32 	178.274 	1774.72 	0 	18999 	-876.062 	937.5 	25600
829 	32 	178.783 	1779.86 	0 	18999 	-1001 	1218.62 	25600
830 	32 	178.586 	1777.88 	0 	18999 	-1000 	1031.25 	25600
831 	32 	178.469 	1776.83 	0 	18999 	-999 	1062.47 	25600
832 	32 	178.664 	1778.73 	0 	18999 	-1031.28 	1187.47 	25600
833 	32 	178.509 	1777.17 	0 	18999 	-1092 	906 	25600
834 	32 	178.547 	1777.54 	0 	18999 	-1093.78 	1000 	25600
835 	32 	178.821 	1780.21 	0 	18999 	-1062.5 	1155.41 	25600
836 	32 	178.313 	1775.17 	0 	19001 	-1031.25 	1125.94 	25600
837 	32 	178.352 	1775.6 	0 	19001 	-1063.5 	1032.09 	25600
838 	32 	178.274 	1774.74 	0 	18999 	-1000.94 	1156.22 	25600
839 	32 	178.43 	1776.31 	0 	18999 	-1031.25 	968.75 	25600
840 	32 	178.001 	1771.94 	0 	18999 	-938.5 	968.625 	25600
841 	32 	177.844 	1770.44 	0 	18999 	-1000 	1000 	25600
842 	32 	178.274 	1774.7 	0 	18999 	-1000 	1000.94 	25600
843 	32 	178.509 	1777.14 	0 	18999 	-1186.56 	1032.28 	25600
844 	32 	179.172 	1783.82 	0 	18999 	-1156.31 	1000.94 	25600
845 	32 	178.978 	1781.8 	0 	19001 	-1062.5 	1094.62 	25600
846 	32 	178.547 	1777.41 	0 	18999 	-1093.75 	1031.22 	25600
847 	32 	178.626 	1778.31 	0 	18999 	-1126 	937.438 	25600
848 	32 	178.039 	1772.34 	0 	18999 	-1032.22 	1000 	25600
849 	32 	178.509 	1777.15 	0 	18999 	-1093.75 	1032.16 	25600
850 	32 	178.313 	1775.15 	0 	18999 	-1031.25 	1094.72 	25600
851 	32 	178.313 	1775.17 	0 	18999 	-1125 	1093.72 	25600
852 	32 	178.469 	1776.63 	0 	18999 	-999.062 	999.938 	25600
853 	32 	177.805 	1770.01 	0 	18999 	-1062.56 	1126 	25600
854 	32 	177.844 	1770.5 	0 	18999 	-1218.75 	1030.34 	25600
855 	32 	177.454 	1766.57 	0 	18999 	-1031.28 	1187.47 	25600
856 	32 	177.805 	1770.07 	0 	18999 	-1000.94 	1031.25 	25600
857 	32 	177.688 	1768.95 	0 	18999 	-1093.75 	999.938 	25600
858 	32 	177.532 	1767.26 	0 	18999 	-968.75 	1031.25 	25600
859 	32 	177.61 	1768.16 	0 	18999 	-1000.03 	1156.22 	25600
860 	32 	177.649 	1768.48 	0 	18999 	-1000 	1124.97 	25600
