# Statistics for grouped trace points from trace_group_id 111
# column 1: trace set id
# column 2: node count
# column 3: average
# column 4: std. dev
# column 5: min()
# column 6: max()
# column 7: minDev (deviation from average value computed for each ts)
# column 8: maxDev (deviation from average value computed for each ts)
# column 9: count()


# Index 0: Results for GlobalizePositions_Cntl
957 	32 	8.91637e+06 	2.52093e+06 	6.368e+06 	2.4787e+07 	-8.69713e+06 	5.93744e+06 	25664
958 	32 	8.88712e+06 	2.33067e+06 	6.477e+06 	2.1147e+07 	-7.64734e+06 	8.13022e+06 	25664
959 	32 	8.659e+06 	2.14744e+06 	6.546e+06 	2.4984e+07 	-8.81178e+06 	7.65719e+06 	25664
960 	32 	8.92411e+06 	2.64538e+06 	6.489e+06 	2.5069e+07 	-8.37178e+06 	5.24837e+06 	25664
961 	32 	8.80986e+06 	2.31712e+06 	6.695e+06 	2.3829e+07 	-8.13047e+06 	5.23431e+06 	25664
962 	32 	8.8298e+06 	2.50155e+06 	6.437e+06 	2.4831e+07 	-7.83138e+06 	6.15884e+06 	25664
963 	32 	8.79287e+06 	2.36982e+06 	6.506e+06 	2.3914e+07 	-8.95913e+06 	5.74962e+06 	25664
964 	32 	8.7956e+06 	2.47076e+06 	6.35e+06 	2.4395e+07 	-8.92197e+06 	5.78416e+06 	25664
965 	32 	8.90403e+06 	2.73429e+06 	6.324e+06 	2.4535e+07 	-8.37966e+06 	6.80887e+06 	25664
966 	32 	8.78768e+06 	2.48684e+06 	6.361e+06 	2.4473e+07 	-7.35241e+06 	8.35722e+06 	25664
967 	32 	8.83817e+06 	2.27607e+06 	6.617e+06 	2.5558e+07 	-8.50013e+06 	8.42497e+06 	25664
968 	32 	8.94751e+06 	2.53189e+06 	6.423e+06 	2.4313e+07 	-8.71056e+06 	5.92316e+06 	25664
969 	32 	8.74811e+06 	2.58173e+06 	6.706e+06 	2.5252e+07 	-7.02762e+06 	6.19756e+06 	25664
970 	32 	8.72744e+06 	2.24409e+06 	6.354e+06 	2.4526e+07 	-8.90603e+06 	7.15038e+06 	25664
971 	32 	8.69494e+06 	2.26401e+06 	6.299e+06 	2.4165e+07 	-8.76866e+06 	4.72844e+06 	25664
972 	32 	9.00403e+06 	2.63606e+06 	6.45e+06 	2.5099e+07 	-8.77659e+06 	5.10284e+06 	25664
973 	32 	8.77206e+06 	2.43647e+06 	6.446e+06 	2.3697e+07 	-8.44078e+06 	7.18103e+06 	25664
974 	32 	9.02882e+06 	2.7773e+06 	6.563e+06 	2.7205e+07 	-9.207e+06 	5.95484e+06 	25664
975 	32 	8.99592e+06 	2.6179e+06 	6.45e+06 	2.8031e+07 	-8.51056e+06 	6.96125e+06 	25664
976 	32 	8.70384e+06 	2.19757e+06 	6.269e+06 	2.2431e+07 	-9.51322e+06 	5.81084e+06 	25664
977 	32 	8.84481e+06 	2.32242e+06 	6.313e+06 	2.4092e+07 	-8.454e+06 	7.43194e+06 	25664
978 	32 	8.64509e+06 	2.19117e+06 	6.65e+06 	2.4282e+07 	-8.91356e+06 	5.55013e+06 	25664
979 	32 	9.14058e+06 	2.54511e+06 	6.495e+06 	2.4417e+07 	-8.63159e+06 	5.83422e+06 	25664
980 	32 	8.9652e+06 	2.46188e+06 	6.385e+06 	2.4506e+07 	-7.59678e+06 	8.48431e+06 	25664
981 	32 	8.81198e+06 	2.41235e+06 	6.417e+06 	2.4169e+07 	-8.18613e+06 	7.15516e+06 	25664
982 	32 	9.12722e+06 	2.48678e+06 	6.345e+06 	1.8892e+07 	-8.16031e+06 	6.40838e+06 	25664
983 	32 	8.77141e+06 	2.40892e+06 	6.489e+06 	2.4852e+07 	-6.74678e+06 	7.87225e+06 	25664
984 	32 	8.64861e+06 	2.21798e+06 	6.443e+06 	2.3925e+07 	-9.22969e+06 	5.53878e+06 	25664
985 	32 	8.95593e+06 	2.40933e+06 	6.246e+06 	2.3638e+07 	-8.86694e+06 	6.636e+06 	25664
986 	32 	8.69813e+06 	2.3853e+06 	6.382e+06 	2.4747e+07 	-7.81259e+06 	4.76831e+06 	25664
987 	32 	8.86579e+06 	2.56296e+06 	6.838e+06 	2.6725e+07 	-7.73253e+06 	6.58141e+06 	25664
988 	32 	8.75244e+06 	2.32186e+06 	6.38e+06 	2.5413e+07 	-8.45647e+06 	5.97066e+06 	25664


# Index 1: Results for P2_InitialBarrier
957 	32 	0 	0 	0 	0 	0 	0 	25664
958 	32 	0 	0 	0 	0 	0 	0 	25664
959 	32 	0 	0 	0 	0 	0 	0 	25664
960 	32 	0 	0 	0 	0 	0 	0 	25664
961 	32 	0 	0 	0 	0 	0 	0 	25664
962 	32 	0 	0 	0 	0 	0 	0 	25664
963 	32 	0 	0 	0 	0 	0 	0 	25664
964 	32 	0 	0 	0 	0 	0 	0 	25664
965 	32 	0 	0 	0 	0 	0 	0 	25664
966 	32 	0 	0 	0 	0 	0 	0 	25664
967 	32 	0 	0 	0 	0 	0 	0 	25664
968 	32 	0 	0 	0 	0 	0 	0 	25664
969 	32 	0 	0 	0 	0 	0 	0 	25664
970 	32 	0 	0 	0 	0 	0 	0 	25664
971 	32 	0 	0 	0 	0 	0 	0 	25664
972 	32 	0 	0 	0 	0 	0 	0 	25664
973 	32 	0 	0 	0 	0 	0 	0 	25664
974 	32 	0 	0 	0 	0 	0 	0 	25664
975 	32 	0 	0 	0 	0 	0 	0 	25664
976 	32 	0 	0 	0 	0 	0 	0 	25664
977 	32 	0 	0 	0 	0 	0 	0 	25664
978 	32 	0 	0 	0 	0 	0 	0 	25664
979 	32 	0 	0 	0 	0 	0 	0 	25664
980 	32 	0 	0 	0 	0 	0 	0 	25664
981 	32 	0 	0 	0 	0 	0 	0 	25664
982 	32 	0 	0 	0 	0 	0 	0 	25664
983 	32 	0 	0 	0 	0 	0 	0 	25664
984 	32 	0 	0 	0 	0 	0 	0 	25664
985 	32 	0 	0 	0 	0 	0 	0 	25664
986 	32 	0 	0 	0 	0 	0 	0 	25664
987 	32 	0 	0 	0 	0 	0 	0 	25664
988 	32 	0 	0 	0 	0 	0 	0 	25664


# Index 2: Results for P2_KSpace_Control
957 	32 	1.35196e+08 	5.12369e+06 	1.28929e+08 	1.54206e+08 	-1.28933e+07 	6.066e+06 	25664
958 	32 	1.37705e+08 	6.36781e+06 	1.29222e+08 	1.56611e+08 	-8.13306e+06 	7.73272e+06 	25664
959 	32 	1.37688e+08 	6.29137e+06 	1.29117e+08 	1.57326e+08 	-1.30114e+07 	7.71066e+06 	25664
960 	32 	1.38812e+08 	6.93282e+06 	1.29003e+08 	1.57368e+08 	-7.70831e+06 	8.37928e+06 	25664
961 	32 	1.36704e+08 	6.06089e+06 	1.29037e+08 	1.53299e+08 	-7.25853e+06 	8.05531e+06 	25664
962 	32 	1.37135e+08 	6.11687e+06 	1.29323e+08 	1.53963e+08 	-8.52062e+06 	7.72994e+06 	25664
963 	32 	1.37032e+08 	6.37167e+06 	1.29028e+08 	1.56139e+08 	-6.65228e+06 	8.83381e+06 	25664
964 	32 	1.35663e+08 	5.17406e+06 	1.28923e+08 	1.57451e+08 	-1.1815e+07 	7.71169e+06 	25664
965 	32 	1.35479e+08 	5.32487e+06 	1.29114e+08 	1.59403e+08 	-1.11179e+07 	8.21444e+06 	25664
966 	32 	1.37537e+08 	6.14464e+06 	1.29178e+08 	1.57774e+08 	-8.39247e+06 	9.46291e+06 	25664
967 	32 	1.3816e+08 	6.36838e+06 	1.28772e+08 	1.58403e+08 	-1.15708e+07 	8.78897e+06 	25664
968 	32 	1.38607e+08 	6.61165e+06 	1.29153e+08 	1.55936e+08 	-9.82616e+06 	8.59981e+06 	25664
969 	32 	1.3738e+08 	5.81991e+06 	1.29574e+08 	1.60816e+08 	-1.40507e+07 	7.52959e+06 	25664
970 	32 	1.37652e+08 	6.31746e+06 	1.29131e+08 	1.56421e+08 	-9.24941e+06 	8.98153e+06 	25664
971 	32 	1.36892e+08 	5.88964e+06 	1.28898e+08 	1.54559e+08 	-9.17722e+06 	8.98431e+06 	25664
972 	32 	1.36424e+08 	5.77659e+06 	1.2875e+08 	1.56905e+08 	-1.07524e+07 	8.69722e+06 	25664
973 	32 	1.37028e+08 	6.10682e+06 	1.28886e+08 	1.55856e+08 	-9.83897e+06 	8.53706e+06 	25664
974 	32 	1.36081e+08 	5.42774e+06 	1.29191e+08 	1.55331e+08 	-9.6905e+06 	8.69747e+06 	25664
975 	32 	1.36009e+08 	5.28988e+06 	1.29311e+08 	1.55914e+08 	-1.12747e+07 	8.43253e+06 	25664
976 	32 	1.38852e+08 	6.73869e+06 	1.28788e+08 	1.60701e+08 	-1.06125e+07 	8.8955e+06 	25664
977 	32 	1.37223e+08 	6.23441e+06 	1.29369e+08 	1.54305e+08 	-1.03592e+07 	8.21222e+06 	25664
978 	32 	1.39537e+08 	6.78991e+06 	1.29122e+08 	1.56999e+08 	-8.28788e+06 	8.93519e+06 	25664
979 	32 	1.3579e+08 	5.16713e+06 	1.29121e+08 	1.54456e+08 	-1.01472e+07 	8.53266e+06 	25664
980 	32 	1.37562e+08 	6.36902e+06 	1.29072e+08 	1.54635e+08 	-1.37818e+07 	7.79209e+06 	25664
981 	32 	1.3676e+08 	5.6824e+06 	1.28917e+08 	1.5492e+08 	-6.75041e+06 	8.32838e+06 	25664
982 	32 	1.36092e+08 	5.56372e+06 	1.2911e+08 	1.61249e+08 	-1.00697e+07 	7.89747e+06 	25664
983 	32 	1.35431e+08 	4.86439e+06 	1.29294e+08 	1.55689e+08 	-1.22095e+07 	5.80575e+06 	25664
984 	32 	1.40036e+08 	7.18306e+06 	1.29096e+08 	1.61149e+08 	-7.90397e+06 	8.19525e+06 	25664
985 	32 	1.38232e+08 	6.33814e+06 	1.28983e+08 	1.56836e+08 	-7.29847e+06 	8.38556e+06 	25664
986 	32 	1.39477e+08 	6.48118e+06 	1.29198e+08 	1.54282e+08 	-7.96225e+06 	8.07709e+06 	25664
987 	32 	1.3542e+08 	5.03968e+06 	1.29011e+08 	1.54289e+08 	-1.06957e+07 	5.50928e+06 	25664
988 	32 	1.38118e+08 	6.6805e+06 	1.29278e+08 	1.57025e+08 	-8.57825e+06 	8.25141e+06 	25664


# Index 3: Results for P2_Simtick_Loop_Control
957 	32 	2.24315e+08 	1.21778e+08 	1.82741e+08 	1.01192e+09 	-7.98144e+06 	8.2335e+06 	25664
958 	32 	2.24113e+08 	1.25865e+08 	1.79951e+08 	1.27722e+09 	-4.46938e+06 	4.22775e+06 	25664
959 	32 	2.23748e+08 	1.15809e+08 	1.81532e+08 	8.54303e+08 	-7.80878e+06 	8.40856e+06 	25664
960 	32 	2.24422e+08 	1.22907e+08 	1.80451e+08 	1.11952e+09 	-7.41022e+06 	7.88556e+06 	25664
961 	32 	2.23763e+08 	1.18372e+08 	1.81889e+08 	1.0877e+09 	-6.72947e+06 	7.43581e+06 	25664
962 	32 	2.24472e+08 	1.27692e+08 	1.80629e+08 	1.30351e+09 	-7.63341e+06 	6.84472e+06 	25664
963 	32 	2.23595e+08 	1.23797e+08 	1.80156e+08 	1.17211e+09 	-6.08316e+06 	6.15656e+06 	25664
964 	32 	2.24371e+08 	1.16514e+08 	1.84566e+08 	9.46974e+08 	-4.82434e+06 	4.617e+06 	25664
965 	32 	2.24314e+08 	1.22459e+08 	1.81971e+08 	9.88192e+08 	-4.78856e+06 	4.74456e+06 	25664
966 	32 	2.24658e+08 	1.25556e+08 	1.80222e+08 	1.33981e+09 	-8.06387e+06 	7.84244e+06 	25664
967 	32 	2.23926e+08 	1.163e+08 	1.81963e+08 	8.28108e+08 	-6.55509e+06 	7.05788e+06 	25664
968 	32 	2.2438e+08 	1.19293e+08 	1.81998e+08 	9.54651e+08 	-6.32944e+06 	6.89575e+06 	25664
969 	32 	2.24305e+08 	1.18813e+08 	1.82695e+08 	8.94972e+08 	-8.2765e+06 	7.48994e+06 	25664
970 	32 	2.24011e+08 	1.33188e+08 	1.79404e+08 	1.29802e+09 	-8.43731e+06 	8.51834e+06 	25664
971 	32 	2.23588e+08 	1.19818e+08 	1.81718e+08 	1.07642e+09 	-5.65753e+06 	4.94128e+06 	25664
972 	32 	2.24459e+08 	1.2777e+08 	1.81095e+08 	1.27476e+09 	-6.94753e+06 	7.73366e+06 	25664
973 	32 	2.24405e+08 	1.32821e+08 	1.79696e+08 	1.32242e+09 	-5.84722e+06 	5.34659e+06 	25664
974 	32 	2.24793e+08 	1.30615e+08 	1.81916e+08 	1.70154e+09 	-9.95916e+06 	8.09106e+06 	25664
975 	32 	2.24547e+08 	1.27741e+08 	1.80193e+08 	1.20076e+09 	-6.85113e+06 	9.27506e+06 	25664
976 	32 	2.24377e+08 	1.18747e+08 	1.82479e+08 	9.49275e+08 	-3.87469e+06 	3.99822e+06 	25664
977 	32 	2.24407e+08 	1.20659e+08 	1.82152e+08 	9.06593e+08 	-4.15237e+06 	4.76141e+06 	25664
978 	32 	2.24478e+08 	1.19376e+08 	1.80917e+08 	1.02963e+09 	-7.22528e+06 	8.20197e+06 	25664
979 	32 	2.23915e+08 	1.2e+08 	1.82709e+08 	1.06023e+09 	-8.12806e+06 	8.44153e+06 	25664
980 	32 	2.24349e+08 	1.19668e+08 	1.82294e+08 	9.26432e+08 	-7.98222e+06 	7.88031e+06 	25664
981 	32 	2.24405e+08 	1.25519e+08 	1.80615e+08 	1.08936e+09 	-6.46294e+06 	6.21275e+06 	25664
982 	32 	2.24559e+08 	1.26028e+08 	1.8141e+08 	1.09409e+09 	-3.63084e+06 	4.27338e+06 	25664
983 	32 	2.24468e+08 	1.24421e+08 	1.82741e+08 	1.14393e+09 	-8.25144e+06 	8.15959e+06 	25664
984 	32 	2.24502e+08 	1.24168e+08 	1.80613e+08 	1.04575e+09 	-7.01059e+06 	6.75712e+06 	25664
985 	32 	2.24525e+08 	1.24048e+08 	1.80413e+08 	1.05475e+09 	-8.07172e+06 	7.39472e+06 	25664
986 	32 	2.24355e+08 	1.20078e+08 	1.81346e+08 	1.0153e+09 	-8.59766e+06 	7.85044e+06 	25664
987 	32 	2.24399e+08 	1.24202e+08 	1.8313e+08 	1.24837e+09 	-8.66325e+06 	9.41572e+06 	25664
988 	32 	2.24462e+08 	1.22943e+08 	1.81872e+08 	1.13578e+09 	-5.83606e+06 	5.80778e+06 	25664


# Index 4: Results for P3ME_ForwardFFT_Control
957 	32 	4.30982e+07 	2.19533e+06 	4.0604e+07 	5.4091e+07 	-8.25122e+06 	7.20203e+06 	25664
958 	32 	4.3842e+07 	2.67655e+06 	4.0645e+07 	5.4919e+07 	-6.53725e+06 	7.53369e+06 	25664
959 	32 	4.41674e+07 	2.81686e+06 	4.0641e+07 	5.4994e+07 	-6.32672e+06 	7.50987e+06 	25664
960 	32 	4.43931e+07 	2.97094e+06 	4.0645e+07 	5.5942e+07 	-5.96559e+06 	7.17863e+06 	25664
961 	32 	4.38483e+07 	2.6622e+06 	4.0559e+07 	5.3485e+07 	-7.60453e+06 	6.88294e+06 	25664
962 	32 	4.40151e+07 	2.7504e+06 	4.0524e+07 	5.6736e+07 	-6.48888e+06 	7.57219e+06 	25664
963 	32 	4.35352e+07 	2.64802e+06 	4.0548e+07 	5.6512e+07 	-6.45266e+06 	7.56997e+06 	25664
964 	32 	4.33443e+07 	2.2817e+06 	4.0609e+07 	5.4967e+07 	-6.10966e+06 	6.14269e+06 	25664
965 	32 	4.31759e+07 	2.27413e+06 	4.0622e+07 	5.3244e+07 	-7.88897e+06 	5.89797e+06 	25664
966 	32 	4.40145e+07 	2.76909e+06 	4.066e+07 	5.3567e+07 	-7.05269e+06 	6.54041e+06 	25664
967 	32 	4.37992e+07 	2.68292e+06 	4.067e+07 	5.4377e+07 	-6.38334e+06 	6.16697e+06 	25664
968 	32 	4.45093e+07 	2.74097e+06 	4.0637e+07 	5.4524e+07 	-8.53459e+06 	6.99559e+06 	25664
969 	32 	4.37017e+07 	2.45812e+06 	4.0586e+07 	5.5669e+07 	-7.75134e+06 	7.13806e+06 	25664
970 	32 	4.37629e+07 	2.76622e+06 	4.0571e+07 	5.4352e+07 	-8.06034e+06 	5.87469e+06 	25664
971 	32 	4.38462e+07 	2.55319e+06 	4.065e+07 	5.5246e+07 	-7.57013e+06 	6.86944e+06 	25664
972 	32 	4.33529e+07 	2.34711e+06 	4.0609e+07 	5.3395e+07 	-7.11837e+06 	5.66309e+06 	25664
973 	32 	4.35212e+07 	2.50829e+06 	4.0588e+07 	5.3488e+07 	-6.00572e+06 	7.19219e+06 	25664
974 	32 	4.32069e+07 	2.22279e+06 	4.0617e+07 	5.2854e+07 	-5.75191e+06 	6.53622e+06 	25664
975 	32 	4.33783e+07 	2.2101e+06 	4.0709e+07 	5.7173e+07 	-8.02397e+06 	6.70831e+06 	25664
976 	32 	4.4335e+07 	2.7966e+06 	4.0639e+07 	5.5162e+07 	-5.38869e+06 	6.35538e+06 	25664
977 	32 	4.38581e+07 	2.53485e+06 	4.07e+07 	5.4016e+07 	-6.3365e+06 	7.87687e+06 	25664
978 	32 	4.43096e+07 	2.84604e+06 	4.0612e+07 	5.1779e+07 	-6.65972e+06 	6.06684e+06 	25664
979 	32 	4.33145e+07 	2.27936e+06 	4.0652e+07 	5.4725e+07 	-8.49394e+06 	6.96303e+06 	25664
980 	32 	4.3993e+07 	2.81703e+06 	4.0485e+07 	5.4424e+07 	-7.45516e+06 	7.88922e+06 	25664
981 	32 	4.37573e+07 	2.67439e+06 	4.0581e+07 	5.5463e+07 	-6.40053e+06 	7.27841e+06 	25664
982 	32 	4.36454e+07 	2.64995e+06 	4.0463e+07 	5.5745e+07 	-8.90191e+06 	6.02228e+06 	25664
983 	32 	4.32585e+07 	2.1682e+06 	4.0545e+07 	5.5891e+07 	-7.29272e+06 	6.02359e+06 	25664
984 	32 	4.46829e+07 	3.0193e+06 	4.0629e+07 	5.6679e+07 	-8.30716e+06 	6.53819e+06 	25664
985 	32 	4.41573e+07 	2.84199e+06 	4.0626e+07 	5.526e+07 	-8.56906e+06 	6.37275e+06 	25664
986 	32 	4.49791e+07 	3.0167e+06 	4.0531e+07 	5.5294e+07 	-6.88606e+06 	7.2385e+06 	25664
987 	32 	4.30527e+07 	2.24906e+06 	4.0629e+07 	5.6319e+07 	-6.88925e+06 	7.55381e+06 	25664
988 	32 	4.40824e+07 	2.9668e+06 	4.0595e+07 	5.6643e+07 	-8.534e+06 	9.37153e+06 	25664


# Index 5: Results for P3ME_Rev_FFT
957 	32 	4.89711e+07 	3.44005e+06 	4.5702e+07 	6.2724e+07 	-6.8855e+06 	7.81006e+06 	25664
958 	32 	5.07359e+07 	4.46312e+06 	4.5575e+07 	6.2637e+07 	-6.2925e+06 	6.46659e+06 	25664
959 	32 	5.04023e+07 	4.3718e+06 	4.5685e+07 	6.5531e+07 	-7.2295e+06 	5.93281e+06 	25664
960 	32 	5.12774e+07 	4.72905e+06 	4.5599e+07 	6.6153e+07 	-6.08478e+06 	5.67644e+06 	25664
961 	32 	4.97139e+07 	4.00938e+06 	4.5639e+07 	6.4291e+07 	-6.03372e+06 	7.31291e+06 	25664
962 	32 	5.0044e+07 	4.25153e+06 	4.5685e+07 	6.5198e+07 	-7.1075e+06 	6.48472e+06 	25664
963 	32 	5.04303e+07 	4.42272e+06 	4.5425e+07 	6.5669e+07 	-4.01766e+06 	6.21006e+06 	25664
964 	32 	4.92098e+07 	3.61522e+06 	4.5591e+07 	6.5617e+07 	-4.20088e+06 	5.93741e+06 	25664
965 	32 	4.92461e+07 	3.54799e+06 	4.5542e+07 	6.5917e+07 	-6.45428e+06 	6.31269e+06 	25664
966 	32 	5.04291e+07 	4.16498e+06 	4.5696e+07 	6.4898e+07 	-6.19656e+06 	7.15069e+06 	25664
967 	32 	5.12662e+07 	4.52513e+06 	4.5606e+07 	6.4062e+07 	-4.28722e+06 	6.24994e+06 	25664
968 	32 	5.10258e+07 	4.56758e+06 	4.5613e+07 	6.3512e+07 	-6.58691e+06 	7.78844e+06 	25664
969 	32 	5.05998e+07 	4.14875e+06 	4.5704e+07 	6.3602e+07 	-6.83831e+06 	7.41906e+06 	25664
970 	32 	5.07707e+07 	4.45079e+06 	4.5458e+07 	6.613e+07 	-3.92638e+06 	6.76147e+06 	25664
971 	32 	4.99453e+07 	4.04828e+06 	4.5542e+07 	6.2762e+07 	-6.68697e+06 	7.24828e+06 	25664
972 	32 	4.99997e+07 	4.03878e+06 	4.5569e+07 	6.436e+07 	-4.68569e+06 	6.08156e+06 	25664
973 	32 	5.04249e+07 	4.19478e+06 	4.5271e+07 	6.2601e+07 	-4.86263e+06 	5.82016e+06 	25664
974 	32 	4.97828e+07 	3.79251e+06 	4.5383e+07 	6.4513e+07 	-5.57319e+06 	5.76131e+06 	25664
975 	32 	4.9435e+07 	3.77679e+06 	4.5682e+07 	6.6612e+07 	-5.14591e+06 	7.59387e+06 	25664
976 	32 	5.14153e+07 	4.7385e+06 	4.5446e+07 	6.5982e+07 	-7.35978e+06 	4.99813e+06 	25664
977 	32 	5.02625e+07 	4.31283e+06 	4.5279e+07 	6.3574e+07 	-7.51397e+06 	7.21744e+06 	25664
978 	32 	5.21756e+07 	4.67422e+06 	4.5723e+07 	6.3046e+07 	-3.89862e+06 	6.49959e+06 	25664
979 	32 	4.92874e+07 	3.51082e+06 	4.5294e+07 	6.5898e+07 	-5.664e+06 	5.86234e+06 	25664
980 	32 	5.04806e+07 	4.39012e+06 	4.5796e+07 	6.4804e+07 	-6.12047e+06 	7.09362e+06 	25664
981 	32 	4.99384e+07 	3.85449e+06 	4.5741e+07 	6.4977e+07 	-6.964e+06 	6.61875e+06 	25664
982 	32 	4.9373e+07 	3.67509e+06 	4.514e+07 	6.669e+07 	-4.28722e+06 	8.29156e+06 	25664
983 	32 	4.90816e+07 	3.31417e+06 	4.5203e+07 	6.5295e+07 	-8.86225e+06 	6.75225e+06 	25664
984 	32 	5.22632e+07 	4.91659e+06 	4.5772e+07 	6.4127e+07 	-5.51763e+06 	7.92769e+06 	25664
985 	32 	5.09247e+07 	4.3783e+06 	4.5556e+07 	6.4769e+07 	-5.72509e+06 	6.34519e+06 	25664
986 	32 	5.14263e+07 	4.44321e+06 	4.5465e+07 	6.6188e+07 	-6.76769e+06 	7.41278e+06 	25664
987 	32 	4.93409e+07 	3.46253e+06 	4.5489e+07 	6.3823e+07 	-7.39128e+06 	6.68484e+06 	25664
988 	32 	5.10002e+07 	4.48713e+06 	4.5804e+07 	6.7181e+07 	-9.01706e+06 	8.28525e+06 	25664


# Index 6: Results for RealSpaceAddForces
957 	32 	5.77766e+06 	2.75265e+06 	4.122e+06 	1.6565e+07 	-913124 	775094 	25664
958 	32 	5.76171e+06 	2.72245e+06 	4.238e+06 	1.6466e+07 	-777657 	875061 	25664
959 	32 	5.74972e+06 	2.69785e+06 	4.096e+06 	1.6562e+07 	-936969 	877437 	25664
960 	32 	5.76343e+06 	2.72608e+06 	4.172e+06 	1.6487e+07 	-844094 	835218 	25664
961 	32 	5.76434e+06 	2.72489e+06 	4.214e+06 	1.6482e+07 	-810968 	828563 	25664
962 	32 	5.76456e+06 	2.729e+06 	4.034e+06 	1.6498e+07 	-999813 	823469 	25664
963 	32 	5.75825e+06 	2.72646e+06 	4.086e+06 	1.651e+07 	-931219 	845530 	25664
964 	32 	5.76573e+06 	2.72744e+06 	4.224e+06 	1.6545e+07 	-797907 	858375 	25664
965 	32 	5.75203e+06 	2.72589e+06 	4.029e+06 	1.6508e+07 	-999156 	862844 	25664
966 	32 	5.77403e+06 	2.75228e+06 	4.18e+06 	1.6481e+07 	-850376 	787563 	25664
967 	32 	5.77064e+06 	2.72517e+06 	4.028e+06 	1.6625e+07 	-1.00694e+06 	812032 	25664
968 	32 	5.77439e+06 	2.72449e+06 	3.958e+06 	1.6592e+07 	-1.08862e+06 	779312 	25664
969 	32 	5.75889e+06 	2.70329e+06 	3.967e+06 	1.6596e+07 	-1.13138e+06 	849063 	25664
970 	32 	5.74032e+06 	2.67222e+06 	4.082e+06 	1.6515e+07 	-966814 	810531 	25664
971 	32 	5.74703e+06 	2.69799e+06 	4.228e+06 	1.6501e+07 	-796905 	895187 	25664
972 	32 	5.74326e+06 	2.69913e+06 	4.254e+06 	1.6514e+07 	-759031 	906968 	25664
973 	32 	5.74096e+06 	2.6987e+06 	4.181e+06 	1.6485e+07 	-849219 	869188 	25664
974 	32 	5.74188e+06 	2.69786e+06 	4.124e+06 	1.6517e+07 	-893532 	768843 	25664
975 	32 	5.77729e+06 	2.75297e+06 	4.129e+06 	1.6523e+07 	-913437 	820626 	25664
976 	32 	5.7596e+06 	2.72722e+06 	4.151e+06 	1.6568e+07 	-861905 	837218 	25664
977 	32 	5.74982e+06 	2.69908e+06 	4.112e+06 	1.6476e+07 	-917343 	848938 	25664
978 	32 	5.75529e+06 	2.69321e+06 	4.241e+06 	1.6499e+07 	-806031 	773906 	25664
979 	32 	5.75268e+06 	2.69255e+06 	4.297e+06 	1.6528e+07 	-720594 	824281 	25664
980 	32 	5.74912e+06 	2.69928e+06 	4.114e+06 	1.6474e+07 	-944750 	830437 	25664
981 	32 	5.77117e+06 	2.72374e+06 	4.194e+06 	1.6462e+07 	-846437 	885218 	25664
982 	32 	5.72797e+06 	2.67206e+06 	4.149e+06 	1.6572e+07 	-871376 	805906 	25664
983 	32 	5.74082e+06 	2.67484e+06 	4.015e+06 	1.6567e+07 	-1.04891e+06 	821907 	25664
984 	32 	5.75964e+06 	2.69491e+06 	4.155e+06 	1.6503e+07 	-870344 	863874 	25664
985 	32 	5.77095e+06 	2.72406e+06 	4.235e+06 	1.6527e+07 	-802970 	857155 	25664
986 	32 	5.75926e+06 	2.69606e+06 	4.154e+06 	1.6509e+07 	-877687 	856031 	25664
987 	32 	5.74362e+06 	2.66744e+06 	4.273e+06 	1.647e+07 	-756251 	824313 	25664
988 	32 	5.74145e+06 	2.6762e+06 	4.188e+06 	1.6534e+07 	-843907 	858655 	25664


# Index 7: Results for RealSpaceDualCore
957 	32 	4.45427e+07 	9.40845e+07 	4.969e+06 	4.79661e+08 	-4.48882e+07 	6.31351e+07 	25664
958 	32 	4.2651e+07 	9.30987e+07 	4.124e+06 	4.59548e+08 	-3.70039e+07 	4.54298e+07 	25664
959 	32 	4.22499e+07 	9.25436e+07 	4.333e+06 	4.59714e+08 	-5.57351e+07 	4.30516e+07 	25664
960 	32 	4.19776e+07 	9.2932e+07 	2.831e+06 	4.60998e+08 	-5.99163e+07 	4.68318e+07 	25664
961 	32 	4.31235e+07 	9.30244e+07 	3.476e+06 	4.68561e+08 	-4.74787e+07 	5.27393e+07 	25664
962 	32 	4.29134e+07 	9.34617e+07 	5.081e+06 	4.58333e+08 	-5.33829e+07 	4.26931e+07 	25664
963 	32 	4.29328e+07 	9.28754e+07 	5.172e+06 	4.57516e+08 	-5.34392e+07 	4.21789e+07 	25664
964 	32 	4.36913e+07 	9.31507e+07 	4.372e+06 	4.65132e+08 	-4.39356e+07 	4.76919e+07 	25664
965 	32 	4.35632e+07 	9.22082e+07 	4.58e+06 	4.64653e+08 	-7.03965e+07 	5.20148e+07 	25664
966 	32 	4.31886e+07 	9.40322e+07 	4.412e+06 	4.63459e+08 	-4.40787e+07 	4.71453e+07 	25664
967 	32 	4.24314e+07 	9.3456e+07 	4.634e+06 	4.51032e+08 	-5.07468e+07 	3.64753e+07 	25664
968 	32 	4.21404e+07 	9.32375e+07 	4.822e+06 	4.66445e+08 	-6.88024e+07 	5.05158e+07 	25664
969 	32 	4.22972e+07 	9.27283e+07 	4.106e+06 	4.59941e+08 	-7.33667e+07 	4.36064e+07 	25664
970 	32 	4.16044e+07 	9.1403e+07 	4.177e+06 	4.58226e+08 	-4.1968e+07 	4.181e+07 	25664
971 	32 	4.24994e+07 	9.18317e+07 	5.212e+06 	4.63291e+08 	-4.08796e+07 	4.92112e+07 	25664
972 	32 	4.26228e+07 	9.19316e+07 	4.588e+06 	4.68483e+08 	-6.68619e+07 	5.20381e+07 	25664
973 	32 	4.22646e+07 	9.15293e+07 	4.977e+06 	4.55346e+08 	-4.36054e+07 	4.34573e+07 	25664
974 	32 	4.29139e+07 	9.21247e+07 	4.975e+06 	4.54432e+08 	-5.29551e+07 	3.8368e+07 	25664
975 	32 	4.39544e+07 	9.40016e+07 	3.985e+06 	4.55478e+08 	-4.40147e+07 	3.91354e+07 	25664
976 	32 	4.17914e+07 	9.27041e+07 	5.755e+06 	4.57442e+08 	-5.26284e+07 	4.25089e+07 	25664
977 	32 	4.21766e+07 	9.2067e+07 	3.934e+06 	4.68556e+08 	-4.91297e+07 	5.4676e+07 	25664
978 	32 	4.11696e+07 	9.25717e+07 	5.21e+06 	4.52725e+08 	-3.19118e+07 	3.54765e+07 	25664
979 	32 	4.30537e+07 	9.22853e+07 	4.398e+06 	4.50984e+08 	-4.01271e+07 	3.36797e+07 	25664
980 	32 	4.20903e+07 	9.2385e+07 	4.62e+06 	4.68605e+08 	-4.33386e+07 	5.48562e+07 	25664
981 	32 	4.29251e+07 	9.31616e+07 	4.764e+06 	4.62274e+08 	-6.31077e+07 	4.60969e+07 	25664
982 	32 	4.22878e+07 	9.10102e+07 	4.456e+06 	4.71379e+08 	-6.88008e+07 	5.89343e+07 	25664
983 	32 	4.27145e+07 	9.12046e+07 	4.894e+06 	4.62663e+08 	-4.80307e+07 	4.48416e+07 	25664
984 	32 	4.07443e+07 	9.22856e+07 	4.848e+06 	4.68537e+08 	-3.97821e+07 	5.20138e+07 	25664
985 	32 	4.22566e+07 	9.37795e+07 	3.488e+06 	4.70698e+08 	-3.15193e+07 	5.13092e+07 	25664
986 	32 	4.12241e+07 	9.2647e+07 	5.229e+06 	4.56852e+08 	-2.77808e+07 	4.09635e+07 	25664
987 	32 	4.26598e+07 	9.12511e+07 	3.933e+06 	4.65887e+08 	-5.21341e+07 	5.04683e+07 	25664
988 	32 	4.12758e+07 	9.16685e+07 	5.048e+06 	4.59487e+08 	-2.92634e+07 	4.26126e+07 	25664


# Index 8: Results for ReduceForces_Cntl
957 	32 	1.60712e+07 	1.54372e+07 	4.612e+06 	1.25125e+08 	-6.22937e+07 	4.53629e+07 	25664
958 	32 	1.24103e+07 	1.22994e+07 	5.034e+06 	1.00603e+08 	-4.46738e+07 	3.7625e+07 	25664
959 	32 	1.45255e+07 	1.09605e+07 	4.757e+06 	1.05864e+08 	-4.32695e+07 	4.84599e+07 	25664
960 	32 	1.32823e+07 	1.27701e+07 	4.596e+06 	1.17867e+08 	-4.64044e+07 	5.98534e+07 	25664
961 	32 	1.51115e+07 	1.31991e+07 	5.201e+06 	1.19606e+08 	-5.40162e+07 	4.46358e+07 	25664
962 	32 	1.27168e+07 	1.18357e+07 	4.568e+06 	1.06475e+08 	-4.1547e+07 	4.68852e+07 	25664
963 	32 	1.31543e+07 	1.16008e+07 	4.989e+06 	1.04102e+08 	-4.35462e+07 	4.97869e+07 	25664
964 	32 	1.62288e+07 	1.18368e+07 	5.202e+06 	1.03034e+08 	-4.83742e+07 	4.05903e+07 	25664
965 	32 	1.46426e+07 	1.29966e+07 	4.921e+06 	1.27845e+08 	-5.06335e+07 	6.36805e+07 	25664
966 	32 	1.3266e+07 	1.23582e+07 	4.573e+06 	1.01933e+08 	-4.66132e+07 	4.10702e+07 	25664
967 	32 	1.33648e+07 	9.60814e+06 	4.485e+06 	9.1264e+07 	-3.5491e+07 	4.15001e+07 	25664
968 	32 	1.45121e+07 	1.33799e+07 	4.659e+06 	1.2813e+08 	-5.05071e+07 	6.10895e+07 	25664
969 	32 	1.49764e+07 	1.15605e+07 	4.576e+06 	1.2411e+08 	-4.31706e+07 	6.47336e+07 	25664
970 	32 	1.14638e+07 	1.01604e+07 	4.518e+06 	9.0791e+07 	-4.23873e+07 	3.46131e+07 	25664
971 	32 	1.46054e+07 	1.24911e+07 	4.946e+06 	9.9102e+07 	-4.91575e+07 	3.56921e+07 	25664
972 	32 	1.37721e+07 	1.32808e+07 	5.122e+06 	1.2902e+08 	-5.16418e+07 	6.09315e+07 	25664
973 	32 	1.19175e+07 	1.1932e+07 	4.819e+06 	1.00736e+08 	-4.26941e+07 	4.46013e+07 	25664
974 	32 	1.37532e+07 	9.87369e+06 	5.226e+06 	1.00408e+08 	-3.80237e+07 	5.09956e+07 	25664
975 	32 	1.25508e+07 	1.13095e+07 	4.428e+06 	9.7715e+07 	-3.80899e+07 	4.30208e+07 	25664
976 	32 	1.41268e+07 	1.14599e+07 	5.083e+06 	1.05935e+08 	-4.30994e+07 	4.56834e+07 	25664
977 	32 	1.45865e+07 	1.30784e+07 	5.263e+06 	1.20945e+08 	-5.3309e+07 	4.94541e+07 	25664
978 	32 	1.3425e+07 	9.40313e+06 	5.112e+06 	8.36e+07 	-3.58387e+07 	3.04102e+07 	25664
979 	32 	1.39703e+07 	9.45597e+06 	5.258e+06 	9.1522e+07 	-3.32139e+07 	3.74635e+07 	25664
980 	32 	1.52663e+07 	1.37087e+07 	4.397e+06 	1.06152e+08 	-5.28032e+07 	3.61278e+07 	25664
981 	32 	1.33345e+07 	1.23747e+07 	5.21e+06 	1.22813e+08 	-4.51021e+07 	6.01144e+07 	25664
982 	32 	1.4325e+07 	1.40926e+07 	4.939e+06 	1.34509e+08 	-5.83248e+07 	6.14781e+07 	25664
983 	32 	1.51572e+07 	1.1396e+07 	4.784e+06 	1.05555e+08 	-5.05348e+07 	4.05645e+07 	25664
984 	32 	1.32424e+07 	1.36152e+07 	4.884e+06 	1.10847e+08 	-5.21505e+07 	4.05637e+07 	25664
985 	32 	1.31795e+07 	1.34591e+07 	5.281e+06 	9.7606e+07 	-5.08458e+07 	3.16101e+07 	25664
986 	32 	1.3456e+07 	1.01688e+07 	4.498e+06 	7.8729e+07 	-3.98533e+07 	2.43776e+07 	25664
987 	32 	1.53734e+07 	1.18353e+07 	5.233e+06 	1.17411e+08 	-4.96199e+07 	4.81401e+07 	25664
988 	32 	1.41737e+07 	1.00129e+07 	4.702e+06 	8.367e+07 	-4.01372e+07 	2.90198e+07 	25664


# Index 9: Results for _remd_allreduce_energies_
957 	32 	754128 	2.15578e+07 	-2.08969e+10 	3.02016e+11 	-2.01107e+10 	3.02802e+11 	25664
958 	32 	3.60705e+06 	6.64308e+07 	-2.1352e+10 	3.02149e+11 	-2.06995e+10 	3.02801e+11 	25664
959 	32 	1.77524e+06 	NaNQ 	-2.05193e+10 	3.01139e+11 	-1.98921e+10 	3.01766e+11 	25664
960 	32 	2.58565e+06 	4.99605e+07 	-2.06897e+10 	3.00726e+11 	-2.00934e+10 	3.01322e+11 	25664
961 	32 	1.0884e+06 	5.25307e+07 	-2.15102e+10 	3.00907e+11 	-2.05781e+10 	3.01839e+11 	25664
962 	32 	3.96128e+06 	5.08075e+07 	-2.12997e+10 	3.00676e+11 	-2.06452e+10 	3.01331e+11 	25664
963 	32 	2.84658e+06 	3.1525e+07 	-2.13087e+10 	3.00229e+11 	-2.05699e+10 	3.00968e+11 	25664
964 	32 	962252 	5.25278e+07 	-2.13047e+10 	3.01989e+11 	-2.05015e+10 	3.02792e+11 	25664
965 	32 	2.97294e+06 	3.66119e+07 	-2.09317e+10 	3.00465e+11 	-2.02354e+10 	3.01161e+11 	25664
966 	32 	3.10201e+06 	NaNQ 	-2.0656e+10 	3.00571e+11 	-1.99299e+10 	3.01297e+11 	25664
967 	32 	2.18674e+06 	3.71241e+07 	-2.06318e+10 	3.00521e+11 	-1.99669e+10 	3.01186e+11 	25664
968 	32 	1.42843e+06 	4.02354e+07 	-2.09192e+10 	3.00723e+11 	-2.02239e+10 	3.01418e+11 	25664
969 	32 	2.22212e+06 	2.16031e+06 	-2.05117e+10 	3.00835e+11 	-2.0131e+10 	3.01215e+11 	25664
970 	32 	5.61145e+06 	6.46581e+07 	-2.08659e+10 	3.00522e+11 	-2.07617e+10 	3.00627e+11 	25664
971 	32 	2.15227e+06 	3.56964e+07 	-1.99548e+10 	3.02081e+11 	-1.96002e+10 	3.02436e+11 	25664
972 	32 	3.75419e+06 	4.63623e+07 	-2.07908e+10 	3.02074e+11 	-2.06317e+10 	3.02234e+11 	25664
973 	32 	5.54431e+06 	7.20295e+07 	-2.07733e+10 	3.00504e+11 	-2.0317e+10 	3.00961e+11 	25664
974 	32 	4.13344e+06 	5.59445e+07 	-2.15928e+10 	3.00488e+11 	-2.0997e+10 	3.01084e+11 	25664
975 	32 	4.10949e+06 	4.98399e+07 	-2.12365e+10 	3.01801e+11 	-2.07822e+10 	3.02255e+11 	25664
976 	32 	2.02299e+06 	3.3373e+07 	-2.08894e+10 	3.00769e+11 	-2.02141e+10 	3.01444e+11 	25664
977 	32 	2.74568e+06 	4.73043e+07 	-2.04256e+10 	3.00717e+11 	-1.97199e+10 	3.01422e+11 	25664
978 	32 	2.98183e+06 	4.81718e+07 	-2.13247e+10 	3.01786e+11 	-2.06713e+10 	3.0244e+11 	25664
979 	32 	3.019e+06 	1.8661e+07 	-2.11442e+10 	3.01632e+11 	-2.03702e+10 	3.02406e+11 	25664
980 	32 	1.59081e+06 	3.77509e+07 	-2.13516e+10 	3.0184e+11 	-2.05396e+10 	3.02652e+11 	25664
981 	32 	3.74479e+06 	7.39486e+07 	-2.07849e+10 	3.00736e+11 	-2.02269e+10 	3.01294e+11 	25664
982 	32 	3.76303e+06 	4.60197e+07 	-2.07914e+10 	3.02269e+11 	-2.05242e+10 	3.02536e+11 	25664
983 	32 	3.54546e+06 	5.10389e+07 	-2.08984e+10 	3.01381e+11 	-2.05024e+10 	3.01777e+11 	25664
984 	32 	3.13664e+06 	4.25783e+07 	-2.1294e+10 	3.00651e+11 	-2.06154e+10 	3.0133e+11 	25664
985 	32 	2.91297e+06 	4.24842e+07 	-2.03855e+10 	3.01885e+11 	-1.96816e+10 	3.02589e+11 	25664
986 	32 	2.88085e+06 	4.50823e+07 	-2.09869e+10 	3.00423e+11 	-2.04241e+10 	3.00986e+11 	25664
987 	32 	3.07717e+06 	5.2266e+07 	-2.1665e+10 	3.00229e+11 	-2.0666e+10 	3.01229e+11 	25664
988 	32 	3.27273e+06 	3.37553e+07 	-2.09061e+10 	3.00968e+11 	-2.07261e+10 	3.01148e+11 	25664


# Index 10: Results for _remd_copy_energies_
957 	32 	1.34796e+14 	NaNQ 	-1.01491e+13 	3.4596e+18 	-1.08117e+17 	3.35149e+18 	25664
958 	32 	1.34796e+14 	NaNQ 	-1.01483e+13 	3.4596e+18 	-1.08117e+17 	3.35149e+18 	25664
959 	32 	1.34796e+14 	NaNQ 	-1.01482e+13 	3.4596e+18 	-1.08117e+17 	3.35149e+18 	25664
960 	32 	1.34796e+14 	NaNQ 	-1.01485e+13 	3.4596e+18 	-1.08117e+17 	3.35149e+18 	25664
961 	32 	1.34796e+14 	NaNQ 	-1.01489e+13 	3.4596e+18 	-1.08117e+17 	3.35149e+18 	25664
962 	32 	1.34796e+14 	NaNQ 	-1.01485e+13 	3.4596e+18 	-1.08117e+17 	3.35149e+18 	25664
963 	32 	1.34796e+14 	NaNQ 	-1.01485e+13 	3.4596e+18 	-1.08117e+17 	3.35149e+18 	25664
964 	32 	1.34796e+14 	NaNQ 	-1.01479e+13 	3.4596e+18 	-1.08117e+17 	3.35149e+18 	25664
965 	32 	1.34796e+14 	NaNQ 	-1.01487e+13 	3.4596e+18 	-1.08117e+17 	3.35149e+18 	25664
966 	32 	1.34796e+14 	NaNQ 	-1.01487e+13 	3.4596e+18 	-1.08117e+17 	3.35149e+18 	25664
967 	32 	1.34796e+14 	NaNQ 	-1.01476e+13 	3.4596e+18 	-1.08117e+17 	3.35149e+18 	25664
968 	32 	1.34796e+14 	NaNQ 	-1.01489e+13 	3.4596e+18 	-1.08117e+17 	3.35149e+18 	25664
969 	32 	1.34796e+14 	NaNQ 	-1.01488e+13 	3.4596e+18 	-1.08117e+17 	3.35149e+18 	25664
970 	32 	1.34796e+14 	NaNQ 	-1.01484e+13 	3.4596e+18 	-1.08117e+17 	3.35149e+18 	25664
971 	32 	1.34796e+14 	NaNQ 	-1.01489e+13 	3.4596e+18 	-1.08117e+17 	3.35149e+18 	25664
972 	32 	1.34796e+14 	NaNQ 	-1.01486e+13 	3.4596e+18 	-1.08117e+17 	3.35149e+18 	25664
973 	32 	1.34796e+14 	NaNQ 	-1.0148e+13 	3.4596e+18 	-1.08117e+17 	3.35149e+18 	25664
974 	32 	1.34796e+14 	NaNQ 	-1.0149e+13 	3.4596e+18 	-1.08117e+17 	3.35149e+18 	25664
975 	32 	1.34796e+14 	NaNQ 	-1.01486e+13 	3.4596e+18 	-1.08117e+17 	3.35149e+18 	25664
976 	32 	1.34796e+14 	NaNQ 	-1.01481e+13 	3.4596e+18 	-1.08117e+17 	3.35149e+18 	25664
977 	32 	1.34796e+14 	NaNQ 	-1.01483e+13 	3.4596e+18 	-1.08117e+17 	3.35149e+18 	25664
978 	32 	1.34796e+14 	NaNQ 	-1.01483e+13 	3.4596e+18 	-1.08117e+17 	3.35149e+18 	25664
979 	32 	1.34796e+14 	NaNQ 	-1.01482e+13 	3.4596e+18 	-1.08117e+17 	3.35149e+18 	25664
980 	32 	1.34796e+14 	NaNQ 	-1.0148e+13 	3.4596e+18 	-1.08117e+17 	3.35149e+18 	25664
981 	32 	1.34796e+14 	NaNQ 	-1.01485e+13 	3.4596e+18 	-1.08117e+17 	3.35149e+18 	25664
982 	32 	1.34796e+14 	NaNQ 	-1.01477e+13 	3.4596e+18 	-1.08117e+17 	3.35149e+18 	25664
983 	32 	1.34796e+14 	NaNQ 	-1.01488e+13 	3.4596e+18 	-1.08117e+17 	3.35149e+18 	25664
984 	32 	1.34796e+14 	NaNQ 	-1.01484e+13 	3.4596e+18 	-1.08117e+17 	3.35149e+18 	25664
985 	32 	1.34796e+14 	NaNQ 	-1.01481e+13 	3.4596e+18 	-1.08117e+17 	3.35149e+18 	25664
986 	32 	1.34796e+14 	NaNQ 	-1.01484e+13 	3.4596e+18 	-1.08117e+17 	3.35149e+18 	25664
987 	32 	1.34796e+14 	NaNQ 	-1.0149e+13 	3.4596e+18 	-1.08117e+17 	3.35149e+18 	25664
988 	32 	1.34796e+14 	NaNQ 	-1.01488e+13 	3.4596e+18 	-1.08117e+17 	3.35149e+18 	25664


# Index 11: Results for _remd_swapping_step
957 	32 	157.923 	1484.96 	0 	16001 	-1125.09 	1094.78 	25664
958 	32 	158.199 	1487.49 	0 	15001 	-938.469 	781.938 	25664
959 	32 	157.574 	1481.35 	0 	15001 	-1156.38 	1061.69 	25664
960 	32 	158.12 	1486.73 	0 	15001 	-875.438 	781.938 	25664
961 	32 	157.498 	1481.07 	0 	15001 	-1031.47 	1469.59 	25664
962 	32 	157.459 	1480.81 	0 	16001 	-906.25 	1157.31 	25664
963 	32 	158.043 	1486.09 	0 	16001 	-844.719 	938.469 	25664
964 	32 	157.769 	1483.42 	0 	16001 	-1094.12 	1063.5 	25664
965 	32 	157.847 	1483.98 	0 	15001 	-968.312 	1031.69 	25664
966 	32 	157.615 	1482.31 	0 	16000 	-875.906 	1125.72 	25664
967 	32 	158.665 	1491.66 	0 	16001 	-969.719 	1032.28 	25664
968 	32 	157.731 	1482.99 	0 	15001 	-1031.59 	1781.72 	25664
969 	32 	158.082 	1486.12 	0 	15001 	-1031.59 	969.406 	25664
970 	32 	158.239 	1488.26 	0 	16000 	-969.688 	1031.31 	25664
971 	32 	158.277 	1488.11 	0 	16001 	-1062.53 	969.375 	25664
972 	32 	157.926 	1484.88 	0 	16000 	-999.344 	1062.56 	25664
973 	32 	158.587 	1490.93 	0 	16001 	-875.938 	1126.06 	25664
974 	32 	158.744 	1492.26 	0 	16001 	-1094.59 	1093.88 	25664
975 	32 	158.664 	1491.7 	0 	16001 	-1156.12 	1219.31 	25664
976 	32 	158.393 	1489.06 	0 	15001 	-969.281 	750.125 	25664
977 	32 	158.821 	1493.44 	0 	16001 	-844.656 	1376.03 	25664
978 	32 	158.939 	1494.27 	0 	16001 	-969.719 	1032.28 	25664
979 	32 	158.821 	1493.34 	0 	16001 	-1063.5 	938.5 	25664
980 	32 	158.627 	1491.53 	0 	15001 	-937.5 	688.219 	25664
981 	32 	158.352 	1489.09 	0 	16001 	-1001.03 	1031.44 	25664
982 	32 	158.588 	1490.97 	0 	16000 	-1031.03 	1125.47 	25664
983 	32 	159.288 	1497.59 	0 	16001 	-1063.31 	937.688 	25664
984 	32 	158.899 	1493.88 	0 	16001 	-938.438 	1063.56 	25664
985 	32 	159.289 	1497.46 	0 	15001 	-938.438 	719.5 	25664
986 	32 	159.134 	1495.98 	0 	16000 	-937.844 	1093.88 	25664
987 	32 	159.016 	1494.92 	0 	16001 	-1001 	1001 	25664
988 	32 	158.588 	1490.89 	0 	16001 	-1001 	1001 	25664
