# Statistics for grouped trace points from trace_group_id 130
# column 1: trace set id
# column 2: node count
# column 3: average
# column 4: std. dev
# column 5: min()
# column 6: max()
# column 7: minDev (deviation from average value computed for each ts)
# column 8: maxDev (deviation from average value computed for each ts)
# column 9: count()


# Index 0: Results for GlobalizePositions_Cntl
1491 	256 	1.7025e+06 	377801 	1.42694e+06 	4.08506e+06 	-789220 	611948 	256000
1492 	256 	1.70079e+06 	374645 	1.43504e+06 	3.98302e+06 	-751743 	647204 	256000
1493 	256 	1.70248e+06 	378354 	1.43409e+06 	4.10414e+06 	-856718 	625292 	256000
1494 	256 	1.70136e+06 	377103 	1.43981e+06 	4.04286e+06 	-770443 	585395 	256000
1495 	256 	1.70252e+06 	378031 	1.436e+06 	4.05097e+06 	-734795 	639337 	256000
1496 	256 	1.70066e+06 	375892 	1.43695e+06 	4.01998e+06 	-762033 	663752 	256000
1497 	256 	1.70198e+06 	375970 	1.44315e+06 	4.05502e+06 	-820398 	622976 	256000
1498 	256 	1.70103e+06 	378679 	1.43099e+06 	4.004e+06 	-776326 	625254 	256000
1499 	256 	1.70412e+06 	379240 	1.44005e+06 	4.06909e+06 	-814341 	584292 	256000
1500 	256 	1.70281e+06 	377505 	1.43695e+06 	3.95703e+06 	-759999 	604415 	256000
1501 	256 	1.7031e+06 	375199 	1.43409e+06 	4.02999e+06 	-800799 	613081 	256000
1502 	256 	1.70347e+06 	379778 	1.43194e+06 	4.0679e+06 	-801744 	591834 	256000
1503 	256 	1.70254e+06 	375238 	1.44005e+06 	4.00519e+06 	-732883 	609495 	256000
1504 	256 	1.70267e+06 	378242 	1.4391e+06 	4.00496e+06 	-777052 	575791 	256000
1505 	256 	1.70344e+06 	378877 	1.43409e+06 	4.107e+06 	-769101 	609769 	256000
1506 	256 	1.70209e+06 	376448 	1.43504e+06 	4.02188e+06 	-815821 	619182 	256000


# Index 1: Results for P2_InitialBarrier
1491 	256 	0 	0 	0 	0 	0 	0 	256000
1492 	256 	0 	0 	0 	0 	0 	0 	256000
1493 	256 	0 	0 	0 	0 	0 	0 	256000
1494 	256 	0 	0 	0 	0 	0 	0 	256000
1495 	256 	0 	0 	0 	0 	0 	0 	256000
1496 	256 	0 	0 	0 	0 	0 	0 	256000
1497 	256 	0 	0 	0 	0 	0 	0 	256000
1498 	256 	0 	0 	0 	0 	0 	0 	256000
1499 	256 	0 	0 	0 	0 	0 	0 	256000
1500 	256 	0 	0 	0 	0 	0 	0 	256000
1501 	256 	0 	0 	0 	0 	0 	0 	256000
1502 	256 	0 	0 	0 	0 	0 	0 	256000
1503 	256 	0 	0 	0 	0 	0 	0 	256000
1504 	256 	0 	0 	0 	0 	0 	0 	256000
1505 	256 	0 	0 	0 	0 	0 	0 	256000
1506 	256 	0 	0 	0 	0 	0 	0 	256000


# Index 2: Results for P2_KSpace_Control
1491 	256 	2.17271e+07 	502131 	2.12162e+07 	2.45001e+07 	-3.88807e+06 	1.26375e+06 	256000
1492 	256 	2.17279e+07 	505250 	2.1215e+07 	2.45321e+07 	-3.89062e+06 	1.22208e+06 	256000
1493 	256 	2.17271e+07 	502668 	2.1198e+07 	2.44381e+07 	-3.87399e+06 	1.26686e+06 	256000
1494 	256 	2.17262e+07 	502145 	2.12128e+07 	2.43258e+07 	-3.87976e+06 	1.24185e+06 	256000
1495 	256 	2.17208e+07 	496541 	2.12021e+07 	2.4384e+07 	-3.92627e+06 	1.29893e+06 	256000
1496 	256 	2.17181e+07 	499525 	2.11921e+07 	2.4456e+07 	-3.95045e+06 	1.26384e+06 	256000
1497 	256 	2.17286e+07 	502939 	2.12181e+07 	2.4374e+07 	-3.90027e+06 	1.2335e+06 	256000
1498 	256 	2.17229e+07 	501695 	2.1208e+07 	2.43201e+07 	-3.89128e+06 	1.27361e+06 	256000
1499 	256 	2.17242e+07 	503846 	2.1215e+07 	2.4416e+07 	-3.88633e+06 	1.21165e+06 	256000
1500 	256 	2.17259e+07 	499476 	2.11861e+07 	2.4415e+07 	-3.90294e+06 	1.29423e+06 	256000
1501 	256 	2.17267e+07 	503244 	2.12181e+07 	2.4446e+07 	-3.8582e+06 	1.2244e+06 	256000
1502 	256 	2.1724e+07 	500421 	2.11921e+07 	2.4384e+07 	-3.90154e+06 	1.28939e+06 	256000
1503 	256 	2.17249e+07 	503952 	2.12071e+07 	2.43371e+07 	-3.87394e+06 	1.28543e+06 	256000
1504 	256 	2.17307e+07 	502952 	2.1194e+07 	2.43521e+07 	-3.88879e+06 	1.26669e+06 	256000
1505 	256 	2.17241e+07 	502024 	2.12109e+07 	2.43449e+07 	-3.90964e+06 	1.24744e+06 	256000
1506 	256 	2.1728e+07 	501721 	2.1198e+07 	2.44231e+07 	-3.87753e+06 	1.23906e+06 	256000


# Index 3: Results for P2_Simtick_Loop_Control
1491 	256 	3.31647e+07 	1.67747e+07 	2.8228e+07 	1.5474e+08 	-8.52203e+10 	1.24102e+11 	256000
1492 	256 	3.31647e+07 	1.6776e+07 	2.82421e+07 	1.54527e+08 	-8.52203e+10 	1.24102e+11 	256000
1493 	256 	3.31636e+07 	1.67669e+07 	2.82109e+07 	1.54411e+08 	-1.47688e+11 	7.63866e+10 	256000
1494 	256 	3.31641e+07 	1.67699e+07 	2.82261e+07 	1.54538e+08 	-1.47688e+11 	7.63868e+10 	256000
1495 	256 	3.31639e+07 	1.67004e+07 	2.82469e+07 	1.53103e+08 	-1.41905e+11 	5.61624e+10 	256000
1496 	256 	3.31645e+07 	1.67347e+07 	2.82409e+07 	1.54202e+08 	-1.41905e+11 	5.61623e+10 	256000
1497 	256 	3.31653e+07 	1.67714e+07 	2.82202e+07 	1.55122e+08 	-1.55719e+11 	6.81639e+10 	256000
1498 	256 	3.31637e+07 	1.67891e+07 	2.82149e+07 	1.55117e+08 	-1.55719e+11 	6.8164e+10 	256000
1499 	256 	3.31639e+07 	1.67547e+07 	2.82431e+07 	1.54597e+08 	-1.86451e+11 	5.43926e+10 	256000
1500 	256 	3.31638e+07 	1.67622e+07 	2.8245e+07 	1.5441e+08 	-1.86451e+11 	5.43926e+10 	256000
1501 	256 	3.31644e+07 	1.6763e+07 	2.82242e+07 	1.5441e+08 	-1.80475e+11 	3.82745e+10 	256000
1502 	256 	3.31643e+07 	1.6765e+07 	2.82419e+07 	1.54736e+08 	-1.80475e+11 	3.82745e+10 	256000
1503 	256 	3.31631e+07 	1.67582e+07 	2.82359e+07 	1.54894e+08 	-1.4196e+10 	2.75927e+10 	256000
1504 	256 	3.3162e+07 	1.67356e+07 	2.82369e+07 	1.54611e+08 	-1.41961e+10 	2.75926e+10 	256000
1505 	256 	3.31643e+07 	1.67661e+07 	2.82199e+07 	1.55037e+08 	-1.59171e+11 	5.5285e+10 	256000
1506 	256 	3.31641e+07 	1.6763e+07 	2.82421e+07 	1.54219e+08 	-1.59171e+11 	5.52851e+10 	256000


# Index 4: Results for P3ME_ForwardFFT_Control
1491 	256 	7.44329e+06 	495363 	6.32691e+06 	8.33511e+06 	-1.10381e+06 	769227 	256000
1492 	256 	7.4438e+06 	495076 	6.3169e+06 	8.35896e+06 	-1.13471e+06 	749407 	256000
1493 	256 	7.44474e+06 	495461 	6.31809e+06 	8.30698e+06 	-1.11145e+06 	808388 	256000
1494 	256 	7.44456e+06 	494718 	6.3231e+06 	8.30603e+06 	-1.13206e+06 	758240 	256000
1495 	256 	7.43795e+06 	493583 	6.30903e+06 	8.30221e+06 	-1.11742e+06 	808722 	256000
1496 	256 	7.43603e+06 	494172 	6.30999e+06 	8.27289e+06 	-1.11663e+06 	777559 	256000
1497 	256 	7.44186e+06 	494385 	6.3231e+06 	8.31318e+06 	-1.13299e+06 	726202 	256000
1498 	256 	7.44195e+06 	494846 	6.28519e+06 	8.29601e+06 	-1.08572e+06 	739752 	256000
1499 	256 	7.44134e+06 	495863 	6.32e+06 	8.36492e+06 	-1.13463e+06 	771918 	256000
1500 	256 	7.44423e+06 	494486 	6.29997e+06 	8.31699e+06 	-1.09716e+06 	744486 	256000
1501 	256 	7.44339e+06 	494041 	6.31094e+06 	8.3549e+06 	-1.11896e+06 	825891 	256000
1502 	256 	7.44255e+06 	494508 	6.30903e+06 	8.33511e+06 	-1.12635e+06 	744318 	256000
1503 	256 	7.44149e+06 	495464 	6.31404e+06 	8.2891e+06 	-1.11347e+06 	746643 	256000
1504 	256 	7.444e+06 	495528 	6.31499e+06 	8.33011e+06 	-1.1385e+06 	760126 	256000
1505 	256 	7.44165e+06 	495073 	6.30903e+06 	8.31199e+06 	-1.10567e+06 	784061 	256000
1506 	256 	7.44309e+06 	495313 	6.30498e+06 	8.30913e+06 	-1.11565e+06 	759268 	256000


# Index 5: Results for P3ME_Rev_FFT
1491 	256 	8.71018e+06 	497548 	8.01587e+06 	9.8269e+06 	-667038 	987994 	256000
1492 	256 	8.71074e+06 	497652 	8.02708e+06 	9.88603e+06 	-626095 	977640 	256000
1493 	256 	8.70899e+06 	497932 	8.01396e+06 	9.84788e+06 	-652347 	978476 	256000
1494 	256 	8.70874e+06 	496650 	8.03709e+06 	9.79805e+06 	-647879 	991935 	256000
1495 	256 	8.70992e+06 	496712 	8.03685e+06 	9.83e+06 	-677675 	1.00333e+06 	256000
1496 	256 	8.70977e+06 	497290 	8.03614e+06 	9.794e+06 	-659052 	974817 	256000
1497 	256 	8.71295e+06 	496835 	8.01992e+06 	9.81188e+06 	-647314 	997189 	256000
1498 	256 	8.70732e+06 	496977 	8.0409e+06 	9.78494e+06 	-657890 	992329 	256000
1499 	256 	8.70981e+06 	497745 	8.03304e+06 	9.82881e+06 	-676508 	979455 	256000
1500 	256 	8.70944e+06 	497393 	7.99799e+06 	9.84287e+06 	-654093 	1.00791e+06 	256000
1501 	256 	8.7104e+06 	496966 	8.03018e+06 	9.87101e+06 	-658865 	994149 	256000
1502 	256 	8.70861e+06 	496855 	8.01706e+06 	9.80997e+06 	-653320 	979337 	256000
1503 	256 	8.71041e+06 	497456 	7.97987e+06 	9.81188e+06 	-673567 	990438 	256000
1504 	256 	8.71286e+06 	497959 	8.02088e+06 	9.87697e+06 	-653100 	985086 	256000
1505 	256 	8.70916e+06 	497385 	8.00705e+06 	9.799e+06 	-636361 	973256 	256000
1506 	256 	8.71192e+06 	497361 	8.01301e+06 	9.84096e+06 	-682698 	975077 	256000


# Index 6: Results for RealSpaceAddForces
1491 	256 	1.19608e+06 	519188 	876903 	5.07688e+06 	-977263 	1.58608e+06 	256000
1492 	256 	1.19597e+06 	519234 	876903 	5.07688e+06 	-977471 	1.58606e+06 	256000
1493 	256 	1.19591e+06 	519256 	869989 	5.07784e+06 	-977200 	1.5871e+06 	256000
1494 	256 	1.19593e+06 	519258 	869989 	5.07712e+06 	-977279 	1.58606e+06 	256000
1495 	256 	1.19621e+06 	519229 	869989 	5.07808e+06 	-977386 	1.58585e+06 	256000
1496 	256 	1.19616e+06 	519247 	869989 	5.07712e+06 	-976660 	1.58607e+06 	256000
1497 	256 	1.19613e+06 	519254 	869989 	5.07688e+06 	-977648 	1.5858e+06 	256000
1498 	256 	1.196e+06 	519252 	869989 	5.07593e+06 	-977094 	1.58601e+06 	256000
1499 	256 	1.19617e+06 	519219 	869989 	5.07688e+06 	-977296 	1.58592e+06 	256000
1500 	256 	1.19631e+06 	519211 	869989 	5.07712e+06 	-977575 	1.58657e+06 	256000
1501 	256 	1.19645e+06 	519143 	877857 	5.07712e+06 	-976987 	1.58568e+06 	256000
1502 	256 	1.19641e+06 	519171 	876903 	5.07593e+06 	-977362 	1.58676e+06 	256000
1503 	256 	1.19602e+06 	519229 	869989 	5.07808e+06 	-977224 	1.58609e+06 	256000
1504 	256 	1.19601e+06 	519220 	869989 	5.07689e+06 	-977403 	1.58517e+06 	256000
1505 	256 	1.19604e+06 	519233 	869989 	5.07617e+06 	-977252 	1.58456e+06 	256000
1506 	256 	1.19601e+06 	519216 	869989 	5.07808e+06 	-977344 	1.58619e+06 	256000


# Index 7: Results for RealSpaceDualCore
1491 	256 	1.83473e+06 	7.18652e+06 	15974 	4.71201e+07 	-1.07169e+07 	1.331e+07 	256000
1492 	256 	1.83388e+06 	7.18374e+06 	15974 	4.7204e+07 	-1.05431e+07 	1.33126e+07 	256000
1493 	256 	1.83465e+06 	7.18719e+06 	15974 	4.72131e+07 	-1.06386e+07 	1.32332e+07 	256000
1494 	256 	1.83488e+06 	7.18581e+06 	15974 	4.71292e+07 	-1.07243e+07 	1.3365e+07 	256000
1495 	256 	1.8367e+06 	7.19088e+06 	15974 	4.7188e+07 	-1.05377e+07 	1.33742e+07 	256000
1496 	256 	1.83624e+06 	7.19012e+06 	15974 	4.71489e+07 	-1.0692e+07 	1.32762e+07 	256000
1497 	256 	1.83418e+06 	7.1832e+06 	15974 	4.7142e+07 	-1.05649e+07 	1.32106e+07 	256000
1498 	256 	1.83512e+06 	7.18786e+06 	15974 	4.71768e+07 	-1.07047e+07 	1.34255e+07 	256000
1499 	256 	1.83449e+06 	7.18468e+06 	15974 	4.7168e+07 	-1.07659e+07 	1.32281e+07 	256000
1500 	256 	1.83545e+06 	7.18817e+06 	15974 	4.72128e+07 	-1.06134e+07 	1.33497e+07 	256000
1501 	256 	1.83439e+06 	7.18329e+06 	15974 	4.7157e+07 	-1.0729e+07 	1.33614e+07 	256000
1502 	256 	1.83553e+06 	7.18683e+06 	15974 	4.7137e+07 	-1.06233e+07 	1.33022e+07 	256000
1503 	256 	1.83427e+06 	7.18422e+06 	15974 	4.7214e+07 	-1.06803e+07 	1.3282e+07 	256000
1504 	256 	1.83408e+06 	7.18406e+06 	15974 	4.71461e+07 	-1.05886e+07 	1.32364e+07 	256000
1505 	256 	1.83499e+06 	7.18654e+06 	15974 	4.7154e+07 	-1.05655e+07 	1.32996e+07 	256000
1506 	256 	1.83471e+06 	7.18694e+06 	15974 	4.72109e+07 	-1.05627e+07 	1.3298e+07 	256000


# Index 8: Results for ReduceForces_Cntl
1491 	256 	3.55935e+06 	3.1351e+06 	1.03617e+06 	2.84309e+07 	-1.43572e+07 	1.08161e+07 	256000
1492 	256 	3.56076e+06 	3.13893e+06 	1.04404e+06 	2.8291e+07 	-1.43791e+07 	1.07081e+07 	256000
1493 	256 	3.55932e+06 	3.13435e+06 	1.04404e+06 	2.82199e+07 	-1.43481e+07 	1.08402e+07 	256000
1494 	256 	3.55974e+06 	3.13643e+06 	1.03998e+06 	2.8306e+07 	-1.43518e+07 	1.08092e+07 	256000
1495 	256 	3.57153e+06 	3.12922e+06 	1.03998e+06 	2.8089e+07 	-1.4295e+07 	1.07281e+07 	256000
1496 	256 	3.573e+06 	3.1282e+06 	1.04284e+06 	2.82731e+07 	-1.44086e+07 	1.0775e+07 	256000
1497 	256 	3.55983e+06 	3.13892e+06 	1.04499e+06 	2.83279e+07 	-1.42136e+07 	1.08438e+07 	256000
1498 	256 	3.5615e+06 	3.13339e+06 	1.04499e+06 	2.8384e+07 	-1.44363e+07 	1.08751e+07 	256000
1499 	256 	3.56254e+06 	3.13329e+06 	1.04117e+06 	2.81909e+07 	-1.4304e+07 	1.07919e+07 	256000
1500 	256 	3.56017e+06 	3.13421e+06 	1.04404e+06 	2.8183e+07 	-1.43429e+07 	1.10611e+07 	256000
1501 	256 	3.56003e+06 	3.13329e+06 	1.04499e+06 	2.8255e+07 	-1.44089e+07 	1.07228e+07 	256000
1502 	256 	3.56312e+06 	3.14266e+06 	1.04117e+06 	2.84281e+07 	-1.4332e+07 	1.07434e+07 	256000
1503 	256 	3.56157e+06 	3.13504e+06 	1.04308e+06 	2.8281e+07 	-1.43872e+07 	1.08807e+07 	256000
1504 	256 	3.55957e+06 	3.1349e+06 	1.03021e+06 	2.83668e+07 	-1.42705e+07 	1.10152e+07 	256000
1505 	256 	3.56222e+06 	3.13653e+06 	1.03903e+06 	2.80929e+07 	-1.43349e+07 	1.06999e+07 	256000
1506 	256 	3.5602e+06 	3.13267e+06 	1.02592e+06 	2.8393e+07 	-1.42943e+07 	1.06545e+07 	256000


# Index 9: Results for _remd_allreduce_energies_
1491 	256 	22108.5 	228040 	0 	3.28112e+06 	-7.91569e+18 	7.07047e+18 	256000
1492 	256 	22368.7 	230738 	0 	3.50714e+06 	-7.91569e+18 	7.07047e+18 	256000
1493 	256 	21234.8 	215103 	0 	2.75397e+06 	-7.91569e+18 	7.07047e+18 	256000
1494 	256 	21436.4 	223457 	0 	3.1662e+06 	-7.91569e+18 	7.07047e+18 	256000
1495 	256 	10794.8 	112195 	0 	2.0051e+06 	-7.91569e+18 	7.07047e+18 	256000
1496 	256 	15848.5 	166623 	0 	2.42806e+06 	-7.91569e+18 	7.07047e+18 	256000
1497 	256 	21718.8 	230651 	0 	4.29487e+06 	-7.91569e+18 	7.07047e+18 	256000
1498 	256 	24204.5 	248591 	0 	3.474e+06 	-7.91569e+18 	7.07047e+18 	256000
1499 	256 	19467.1 	203890 	0 	2.98882e+06 	-7.91569e+18 	7.07047e+18 	256000
1500 	256 	20633.8 	210678 	0 	2.7709e+06 	-7.91569e+18 	7.07047e+18 	256000
1501 	256 	21134.1 	218612 	0 	2.93803e+06 	-7.91569e+18 	7.07047e+18 	256000
1502 	256 	20149.9 	209781 	0 	2.84791e+06 	-7.91569e+18 	7.07047e+18 	256000
1503 	256 	20129.9 	209319 	0 	3.24178e+06 	-7.91569e+18 	7.07047e+18 	256000
1504 	256 	17021.5 	179810 	0 	2.97308e+06 	-7.91569e+18 	7.07047e+18 	256000
1505 	256 	20880.3 	214673 	0 	3.41511e+06 	-7.91569e+18 	7.07047e+18 	256000
1506 	256 	20974.8 	215255 	0 	2.6741e+06 	-7.91569e+18 	7.07047e+18 	256000


# Index 10: Results for _remd_copy_energies_
1491 	256 	82.1592 	818.569 	0 	9060 	-1072.64 	1074.36 	256000
1492 	256 	82.2031 	818.999 	0 	9060 	-1095.9 	1051.1 	256000
1493 	256 	81.9658 	816.59 	0 	9060 	-1111.85 	1035.15 	256000
1494 	256 	81.9499 	816.425 	0 	9060 	-1094.98 	1051.02 	256000
1495 	256 	82.2631 	819.596 	0 	9060 	-1164.74 	994.77 	256000
1496 	256 	82.1503 	818.477 	0 	9060 	-1148.05 	1034.8 	256000
1497 	256 	82.045 	817.346 	0 	9060 	-1099.67 	1047.33 	256000
1498 	256 	82.1138 	818.077 	0 	9060 	-1044.83 	1102.17 	256000
1499 	256 	81.9284 	816.292 	0 	9060 	-1108.97 	1038.03 	256000
1500 	256 	81.9728 	816.738 	0 	9060 	-1101.59 	1045.41 	256000
1501 	256 	81.862 	815.547 	0 	9060 	-1108 	1039 	256000
1502 	256 	82.104 	818.078 	0 	9060 	-1097.85 	1049.15 	256000
1503 	256 	81.8183 	815.13 	0 	9060 	-1102.66 	1093.38 	256000
1504 	256 	81.9318 	816.303 	0 	9060 	-1092.33 	1053.67 	256000
1505 	256 	82.0449 	817.45 	0 	9060 	-1132.28 	1014.72 	256000
1506 	256 	81.9292 	816.266 	0 	9060 	-1130.41 	1015.59 	256000


# Index 11: Results for _remd_swapping_step
1491 	256 	120.089 	1196.08 	0 	13113 	-1100.51 	1259.15 	256000
1492 	256 	120.018 	1195.33 	0 	13113 	-1151.52 	1240.52 	256000
1493 	256 	120.343 	1198.43 	0 	13114 	-1160.06 	1035.69 	256000
1494 	256 	120.241 	1197.37 	0 	13113 	-1207.59 	1230.17 	256000
1495 	256 	119.995 	1195 	0 	13113 	-1178.58 	1269.31 	256000
1496 	256 	120.184 	1196.91 	0 	13114 	-1042.45 	1219.94 	256000
1497 	256 	119.87 	1193.63 	0 	13114 	-1121.42 	1058.93 	256000
1498 	256 	119.822 	1193.21 	0 	13114 	-1175.62 	1044.96 	256000
1499 	256 	119.704 	1191.95 	0 	13113 	-1139.48 	1302.88 	256000
1500 	256 	119.672 	1191.67 	0 	13113 	-1155.32 	1128.68 	256000
1501 	256 	119.873 	1193.82 	0 	13113 	-1166.25 	1064.54 	256000
1502 	256 	119.652 	1191.67 	0 	13113 	-1183.95 	1056.14 	256000
1503 	256 	119.965 	1194.47 	0 	13113 	-1142.16 	1134.39 	256000
1504 	256 	119.796 	1192.81 	0 	13113 	-1120.06 	1126.89 	256000
1505 	256 	119.761 	1192.89 	0 	13114 	-1259.42 	1029.22 	256000
1506 	256 	119.789 	1193.16 	0 	13114 	-1278.91 	1008.75 	256000
