# Statistics for grouped trace points from trace_group_id 141
# column 1: trace set id
# column 2: node count
# column 3: average
# column 4: std. dev
# column 5: min()
# column 6: max()
# column 7: minDev (deviation from average value computed for each ts)
# column 8: maxDev (deviation from average value computed for each ts)
# column 9: count()


# Index 0: Results for GlobalizePositions_Cntl
1681 	32 	8.4416e+06 	1.84775e+06 	7.50995e+06 	1.65269e+07 	-1.23962e+06 	383288 	28800
1682 	32 	8.40943e+06 	1.77388e+06 	7.47704e+06 	1.5945e+07 	-681780 	335843 	28800
1683 	32 	8.3543e+06 	1.79931e+06 	7.42698e+06 	1.62568e+07 	-973403 	358172 	28800
1684 	32 	8.37823e+06 	1.76707e+06 	7.36094e+06 	1.61688e+07 	-775434 	364445 	28800
1685 	32 	8.42848e+06 	1.8252e+06 	7.39789e+06 	1.63391e+07 	-540406 	381939 	28800
1686 	32 	8.42566e+06 	1.7875e+06 	7.50494e+06 	1.62711e+07 	-1.07346e+06 	378967 	28800
1687 	32 	8.38048e+06 	1.79877e+06 	7.31015e+06 	1.62399e+07 	-935584 	374622 	28800
1688 	32 	8.38502e+06 	1.83866e+06 	7.34186e+06 	1.63591e+07 	-831522 	394181 	28800
1689 	32 	8.29704e+06 	1.83917e+06 	7.28297e+06 	1.62461e+07 	-661061 	386372 	28800
1690 	32 	8.36861e+06 	1.80564e+06 	7.44414e+06 	1.61521e+07 	-941649 	417337 	28800
1691 	32 	8.42169e+06 	1.80868e+06 	7.49707e+06 	1.61579e+07 	-1.07764e+06 	378854 	28800
1692 	32 	8.393e+06 	1.78363e+06 	7.45821e+06 	1.60789e+07 	-789419 	393651 	28800
1693 	32 	8.37614e+06 	1.85381e+06 	7.39598e+06 	1.65501e+07 	-928819 	387400 	28800
1694 	32 	8.43233e+06 	1.76027e+06 	7.43818e+06 	1.63131e+07 	-1.2318e+06 	399463 	28800
1695 	32 	8.34556e+06 	1.80879e+06 	7.40004e+06 	1.60799e+07 	-857107 	351198 	28800
1696 	32 	8.42848e+06 	1.7698e+06 	7.46798e+06 	1.6223e+07 	-795931 	327966 	28800
1697 	32 	8.34204e+06 	1.75641e+06 	7.43103e+06 	1.6077e+07 	-786870 	430972 	28800
1698 	32 	8.40297e+06 	1.77046e+06 	7.46989e+06 	1.6299e+07 	-930339 	368037 	28800
1699 	32 	8.39842e+06 	1.81964e+06 	7.4091e+06 	1.62249e+07 	-975997 	333116 	28800
1700 	32 	8.37964e+06 	1.82843e+06 	7.42006e+06 	1.6413e+07 	-673287 	392087 	28800
1701 	32 	8.39398e+06 	1.75951e+06 	7.46298e+06 	1.6027e+07 	-862383 	322566 	28800
1702 	32 	8.32375e+06 	1.77465e+06 	7.36594e+06 	1.62089e+07 	-979922 	391223 	28800
1703 	32 	8.42624e+06 	1.78636e+06 	7.44796e+06 	1.62492e+07 	-822567 	364125 	28800
1704 	32 	8.50336e+06 	1.76944e+06 	7.4749e+06 	1.66781e+07 	-1.40512e+06 	381574 	28800
1705 	32 	8.41272e+06 	1.77655e+06 	7.42388e+06 	1.61409e+07 	-1.00785e+06 	409313 	28800
1706 	32 	8.39386e+06 	1.74193e+06 	7.46298e+06 	1.6057e+07 	-830650 	372297 	28800
1707 	32 	8.33469e+06 	1.80473e+06 	7.32613e+06 	1.6309e+07 	-906631 	355587 	28800
1708 	32 	8.34797e+06 	1.78563e+06 	7.3812e+06 	1.62971e+07 	-701904 	391536 	28800
1709 	32 	8.43679e+06 	1.77857e+06 	7.49111e+06 	1.61381e+07 	-855021 	350900 	28800
1710 	32 	8.31932e+06 	1.80161e+06 	7.30896e+06 	1.63591e+07 	-856750 	347979 	28800
1711 	32 	8.35577e+06 	1.74896e+06 	7.48205e+06 	1.6088e+07 	-808298 	344961 	28800
1712 	32 	8.3471e+06 	1.79697e+06 	7.39002e+06 	1.62902e+07 	-1.00129e+06 	411853 	28800
1713 	32 	8.44847e+06 	1.75958e+06 	7.48491e+06 	1.6341e+07 	-861272 	333190 	28800
1714 	32 	8.35852e+06 	1.73323e+06 	7.411e+06 	1.60222e+07 	-634864 	323742 	28800
1715 	32 	8.40479e+06 	1.74205e+06 	7.50399e+06 	1.60382e+07 	-651181 	392853 	28800
1716 	32 	8.36832e+06 	1.74516e+06 	7.40194e+06 	1.612e+07 	-854820 	345841 	28800
1717 	32 	8.36693e+06 	1.76834e+06 	7.447e+06 	1.59731e+07 	-920459 	371389 	28800
1718 	32 	8.4513e+06 	1.8265e+06 	7.44104e+06 	1.64342e+07 	-907466 	350877 	28800
1719 	32 	8.4331e+06 	1.80596e+06 	7.41601e+06 	1.634e+07 	-783757 	402332 	28800
1720 	32 	8.37893e+06 	1.76352e+06 	7.4091e+06 	1.61738e+07 	-942775 	359528 	28800
1721 	32 	8.32605e+06 	1.77227e+06 	7.411e+06 	1.62899e+07 	-959843 	353634 	28800
1722 	32 	8.37272e+06 	1.75681e+06 	7.42722e+06 	1.6206e+07 	-928693 	369713 	28800
1723 	32 	8.42277e+06 	1.78238e+06 	7.4122e+06 	1.62029e+07 	-915251 	337593 	28800
1724 	32 	8.51278e+06 	1.76889e+06 	7.51805e+06 	1.65069e+07 	-687152 	379741 	28800
1725 	32 	8.37449e+06 	1.75255e+06 	7.48181e+06 	1.6016e+07 	-647105 	344300 	28800
1726 	32 	8.33297e+06 	1.8246e+06 	7.35807e+06 	1.64649e+07 	-1.18585e+06 	376605 	28800
1727 	32 	8.37011e+06 	1.81454e+06 	7.42078e+06 	1.65751e+07 	-1.34613e+06 	400386 	28800
1728 	32 	8.3298e+06 	1.79359e+06 	7.44104e+06 	1.6264e+07 	-814199 	336908 	28800
1729 	32 	8.40771e+06 	1.73916e+06 	7.45797e+06 	1.60282e+07 	-584573 	461123 	28800
1730 	32 	8.37752e+06 	1.77892e+06 	7.48396e+06 	1.6381e+07 	-1.02872e+06 	383415 	28800
1731 	32 	8.38594e+06 	1.78203e+06 	7.48706e+06 	1.6042e+07 	-825957 	393316 	28800
1732 	32 	8.33944e+06 	1.77292e+06 	7.37596e+06 	1.65401e+07 	-1.15778e+06 	401817 	28800
1733 	32 	8.43339e+06 	1.77866e+06 	7.47704e+06 	1.63071e+07 	-1.2581e+06 	465967 	28800
1734 	32 	8.42256e+06 	1.72788e+06 	7.43604e+06 	1.63159e+07 	-869542 	415265 	28800
1735 	32 	8.38747e+06 	1.77792e+06 	7.44581e+06 	1.62289e+07 	-958189 	399992 	28800
1736 	32 	8.27991e+06 	1.77742e+06 	7.37e+06 	1.6222e+07 	-834964 	354469 	28800
1737 	32 	8.38119e+06 	1.78335e+06 	7.411e+06 	1.64151e+07 	-973881 	403225 	28800
1738 	32 	8.36488e+06 	1.78883e+06 	7.4408e+06 	1.6397e+07 	-1.324e+06 	394478 	28800
1739 	32 	8.38297e+06 	1.77148e+06 	7.49016e+06 	1.65091e+07 	-917815 	361584 	28800
1740 	32 	8.30748e+06 	1.76149e+06 	7.42698e+06 	1.62289e+07 	-822417 	375972 	28800
1741 	32 	8.4053e+06 	1.73412e+06 	7.49707e+06 	1.61772e+07 	-834479 	414416 	28800
1742 	32 	8.41813e+06 	1.76209e+06 	7.43294e+06 	1.63069e+07 	-1.00359e+06 	448175 	28800
1743 	32 	8.37516e+06 	1.71948e+06 	7.49516e+06 	1.6187e+07 	-681103 	363067 	28800
1744 	32 	8.36942e+06 	1.72295e+06 	7.45797e+06 	1.6202e+07 	-1.12613e+06 	340619 	28800


# Index 1: Results for P2_InitialBarrier
1681 	32 	0 	0 	0 	0 	0 	0 	28800
1682 	32 	0 	0 	0 	0 	0 	0 	28800
1683 	32 	0 	0 	0 	0 	0 	0 	28800
1684 	32 	0 	0 	0 	0 	0 	0 	28800
1685 	32 	0 	0 	0 	0 	0 	0 	28800
1686 	32 	0 	0 	0 	0 	0 	0 	28800
1687 	32 	0 	0 	0 	0 	0 	0 	28800
1688 	32 	0 	0 	0 	0 	0 	0 	28800
1689 	32 	0 	0 	0 	0 	0 	0 	28800
1690 	32 	0 	0 	0 	0 	0 	0 	28800
1691 	32 	0 	0 	0 	0 	0 	0 	28800
1692 	32 	0 	0 	0 	0 	0 	0 	28800
1693 	32 	0 	0 	0 	0 	0 	0 	28800
1694 	32 	0 	0 	0 	0 	0 	0 	28800
1695 	32 	0 	0 	0 	0 	0 	0 	28800
1696 	32 	0 	0 	0 	0 	0 	0 	28800
1697 	32 	0 	0 	0 	0 	0 	0 	28800
1698 	32 	0 	0 	0 	0 	0 	0 	28800
1699 	32 	0 	0 	0 	0 	0 	0 	28800
1700 	32 	0 	0 	0 	0 	0 	0 	28800
1701 	32 	0 	0 	0 	0 	0 	0 	28800
1702 	32 	0 	0 	0 	0 	0 	0 	28800
1703 	32 	0 	0 	0 	0 	0 	0 	28800
1704 	32 	0 	0 	0 	0 	0 	0 	28800
1705 	32 	0 	0 	0 	0 	0 	0 	28800
1706 	32 	0 	0 	0 	0 	0 	0 	28800
1707 	32 	0 	0 	0 	0 	0 	0 	28800
1708 	32 	0 	0 	0 	0 	0 	0 	28800
1709 	32 	0 	0 	0 	0 	0 	0 	28800
1710 	32 	0 	0 	0 	0 	0 	0 	28800
1711 	32 	0 	0 	0 	0 	0 	0 	28800
1712 	32 	0 	0 	0 	0 	0 	0 	28800
1713 	32 	0 	0 	0 	0 	0 	0 	28800
1714 	32 	0 	0 	0 	0 	0 	0 	28800
1715 	32 	0 	0 	0 	0 	0 	0 	28800
1716 	32 	0 	0 	0 	0 	0 	0 	28800
1717 	32 	0 	0 	0 	0 	0 	0 	28800
1718 	32 	0 	0 	0 	0 	0 	0 	28800
1719 	32 	0 	0 	0 	0 	0 	0 	28800
1720 	32 	0 	0 	0 	0 	0 	0 	28800
1721 	32 	0 	0 	0 	0 	0 	0 	28800
1722 	32 	0 	0 	0 	0 	0 	0 	28800
1723 	32 	0 	0 	0 	0 	0 	0 	28800
1724 	32 	0 	0 	0 	0 	0 	0 	28800
1725 	32 	0 	0 	0 	0 	0 	0 	28800
1726 	32 	0 	0 	0 	0 	0 	0 	28800
1727 	32 	0 	0 	0 	0 	0 	0 	28800
1728 	32 	0 	0 	0 	0 	0 	0 	28800
1729 	32 	0 	0 	0 	0 	0 	0 	28800
1730 	32 	0 	0 	0 	0 	0 	0 	28800
1731 	32 	0 	0 	0 	0 	0 	0 	28800
1732 	32 	0 	0 	0 	0 	0 	0 	28800
1733 	32 	0 	0 	0 	0 	0 	0 	28800
1734 	32 	0 	0 	0 	0 	0 	0 	28800
1735 	32 	0 	0 	0 	0 	0 	0 	28800
1736 	32 	0 	0 	0 	0 	0 	0 	28800
1737 	32 	0 	0 	0 	0 	0 	0 	28800
1738 	32 	0 	0 	0 	0 	0 	0 	28800
1739 	32 	0 	0 	0 	0 	0 	0 	28800
1740 	32 	0 	0 	0 	0 	0 	0 	28800
1741 	32 	0 	0 	0 	0 	0 	0 	28800
1742 	32 	0 	0 	0 	0 	0 	0 	28800
1743 	32 	0 	0 	0 	0 	0 	0 	28800
1744 	32 	0 	0 	0 	0 	0 	0 	28800


# Index 2: Results for P2_KSpace_Control
1681 	32 	1.33206e+08 	2.10731e+06 	1.30476e+08 	1.4637e+08 	-1.2688e+07 	2.85812e+06 	28800
1682 	32 	1.33196e+08 	1.87968e+06 	1.3051e+08 	1.42538e+08 	-5.54919e+06 	2.63342e+06 	28800
1683 	32 	1.33055e+08 	2.10881e+06 	1.30255e+08 	1.47031e+08 	-1.28e+07 	2.80154e+06 	28800
1684 	32 	1.33014e+08 	1.86879e+06 	1.30129e+08 	1.42975e+08 	-7.51606e+06 	2.73508e+06 	28800
1685 	32 	1.32919e+08 	1.94502e+06 	1.30413e+08 	1.42986e+08 	-7.02878e+06 	2.11151e+06 	28800
1686 	32 	1.33161e+08 	1.87481e+06 	1.31035e+08 	1.43755e+08 	-8.21838e+06 	2.84743e+06 	28800
1687 	32 	1.33092e+08 	1.90727e+06 	1.30677e+08 	1.43124e+08 	-6.73724e+06 	3.13689e+06 	28800
1688 	32 	1.33154e+08 	2.12451e+06 	1.30706e+08 	1.4609e+08 	-1.1437e+07 	2.78934e+06 	28800
1689 	32 	1.33155e+08 	2.01685e+06 	1.30535e+08 	1.46131e+08 	-1.10844e+07 	2.98358e+06 	28800
1690 	32 	1.3317e+08 	1.89395e+06 	1.30557e+08 	1.41882e+08 	-7.4855e+06 	2.56456e+06 	28800
1691 	32 	1.33232e+08 	2.01247e+06 	1.30738e+08 	1.47035e+08 	-1.14327e+07 	2.54394e+06 	28800
1692 	32 	1.3348e+08 	1.88817e+06 	1.31166e+08 	1.42665e+08 	-9.67142e+06 	2.02177e+06 	28800
1693 	32 	1.33484e+08 	2.06604e+06 	1.30977e+08 	1.47562e+08 	-1.39909e+07 	2.84354e+06 	28800
1694 	32 	1.33091e+08 	1.9047e+06 	1.30921e+08 	1.4413e+08 	-9.25697e+06 	2.61542e+06 	28800
1695 	32 	1.3334e+08 	1.9362e+06 	1.30556e+08 	1.42948e+08 	-8.76626e+06 	2.67465e+06 	28800
1696 	32 	1.33123e+08 	1.93778e+06 	1.3065e+08 	1.4388e+08 	-1.03732e+07 	3.03712e+06 	28800
1697 	32 	1.32971e+08 	1.91143e+06 	1.3038e+08 	1.44344e+08 	-8.75048e+06 	3.23015e+06 	28800
1698 	32 	1.33218e+08 	1.91535e+06 	1.30677e+08 	1.45093e+08 	-9.73722e+06 	3.02264e+06 	28800
1699 	32 	1.3315e+08 	2.0233e+06 	1.30477e+08 	1.45539e+08 	-1.11453e+07 	2.56461e+06 	28800
1700 	32 	1.33217e+08 	1.95606e+06 	1.30378e+08 	1.47596e+08 	-9.99668e+06 	3.95874e+06 	28800
1701 	32 	1.33161e+08 	1.91266e+06 	1.3041e+08 	1.45813e+08 	-8.79753e+06 	3.5559e+06 	28800
1702 	32 	1.33234e+08 	1.91328e+06 	1.3057e+08 	1.43642e+08 	-8.2614e+06 	2.27322e+06 	28800
1703 	32 	1.3335e+08 	1.9952e+06 	1.30708e+08 	1.45844e+08 	-1.00856e+07 	2.61229e+06 	28800
1704 	32 	1.33158e+08 	2.1026e+06 	1.30313e+08 	1.46832e+08 	-1.41558e+07 	2.81306e+06 	28800
1705 	32 	1.33093e+08 	1.8805e+06 	1.30469e+08 	1.432e+08 	-6.92514e+06 	2.88264e+06 	28800
1706 	32 	1.33169e+08 	1.93994e+06 	1.30668e+08 	1.43213e+08 	-1.00312e+07 	2.55332e+06 	28800
1707 	32 	1.33227e+08 	2.01811e+06 	1.30656e+08 	1.44763e+08 	-1.20963e+07 	2.05921e+06 	28800
1708 	32 	1.33224e+08 	1.90729e+06 	1.30761e+08 	1.45054e+08 	-8.07052e+06 	3.68764e+06 	28800
1709 	32 	1.33232e+08 	1.79985e+06 	1.30532e+08 	1.41196e+08 	-5.62939e+06 	2.67415e+06 	28800
1710 	32 	1.33244e+08 	1.91598e+06 	1.30937e+08 	1.43781e+08 	-8.48413e+06 	2.4578e+06 	28800
1711 	32 	1.33147e+08 	1.93888e+06 	1.3056e+08 	1.48119e+08 	-1.05047e+07 	4.13671e+06 	28800
1712 	32 	1.33105e+08 	1.87547e+06 	1.30649e+08 	1.44771e+08 	-8.7816e+06 	3.4114e+06 	28800
1713 	32 	1.33203e+08 	2.06395e+06 	1.30715e+08 	1.47211e+08 	-1.13696e+07 	3.43616e+06 	28800
1714 	32 	1.3318e+08 	1.83966e+06 	1.30862e+08 	1.41951e+08 	-6.13733e+06 	2.63452e+06 	28800
1715 	32 	1.33088e+08 	1.93254e+06 	1.30546e+08 	1.44425e+08 	-8.65959e+06 	3.34847e+06 	28800
1716 	32 	1.33116e+08 	1.83004e+06 	1.30534e+08 	1.4306e+08 	-6.11796e+06 	2.40813e+06 	28800
1717 	32 	1.33255e+08 	2.0318e+06 	1.30951e+08 	1.45906e+08 	-1.13126e+07 	2.40706e+06 	28800
1718 	32 	1.33456e+08 	2.10694e+06 	1.31308e+08 	1.46581e+08 	-1.26998e+07 	2.42101e+06 	28800
1719 	32 	1.3321e+08 	1.94899e+06 	1.30537e+08 	1.4372e+08 	-9.18614e+06 	2.67188e+06 	28800
1720 	32 	1.33242e+08 	1.90505e+06 	1.30945e+08 	1.45813e+08 	-9.96027e+06 	2.51799e+06 	28800
1721 	32 	1.33145e+08 	2.01907e+06 	1.30621e+08 	1.47282e+08 	-1.08818e+07 	2.70907e+06 	28800
1722 	32 	1.33197e+08 	1.96571e+06 	1.30631e+08 	1.45753e+08 	-1.12229e+07 	2.50698e+06 	28800
1723 	32 	1.33434e+08 	2.14696e+06 	1.31e+08 	1.48389e+08 	-1.25703e+07 	3.15439e+06 	28800
1724 	32 	1.33362e+08 	1.81101e+06 	1.30923e+08 	1.42161e+08 	-6.61525e+06 	3.79212e+06 	28800
1725 	32 	1.33272e+08 	1.8355e+06 	1.30819e+08 	1.42067e+08 	-6.63612e+06 	2.66019e+06 	28800
1726 	32 	1.33241e+08 	2.20716e+06 	1.30793e+08 	1.48688e+08 	-1.51052e+07 	2.73152e+06 	28800
1727 	32 	1.33257e+08 	2.0449e+06 	1.30655e+08 	1.46248e+08 	-1.28427e+07 	3.29299e+06 	28800
1728 	32 	1.33175e+08 	1.90552e+06 	1.30992e+08 	1.43284e+08 	-9.75206e+06 	2.46292e+06 	28800
1729 	32 	1.33079e+08 	1.80017e+06 	1.30626e+08 	1.42057e+08 	-6.61036e+06 	3.24843e+06 	28800
1730 	32 	1.3329e+08 	2.10719e+06 	1.30445e+08 	1.4678e+08 	-1.41495e+07 	2.06568e+06 	28800
1731 	32 	1.33408e+08 	1.81859e+06 	1.31011e+08 	1.42608e+08 	-8.93734e+06 	2.27226e+06 	28800
1732 	32 	1.3319e+08 	2.05011e+06 	1.30704e+08 	1.46971e+08 	-1.22019e+07 	2.83031e+06 	28800
1733 	32 	1.33103e+08 	1.89506e+06 	1.30715e+08 	1.43882e+08 	-8.75936e+06 	3.25879e+06 	28800
1734 	32 	1.33145e+08 	1.85427e+06 	1.30578e+08 	1.44268e+08 	-7.39916e+06 	3.00949e+06 	28800
1735 	32 	1.33249e+08 	1.94323e+06 	1.30767e+08 	1.44282e+08 	-1.04471e+07 	2.92402e+06 	28800
1736 	32 	1.33074e+08 	1.99239e+06 	1.30769e+08 	1.45119e+08 	-1.18654e+07 	2.6221e+06 	28800
1737 	32 	1.3311e+08 	1.97302e+06 	1.30511e+08 	1.45253e+08 	-1.23053e+07 	2.408e+06 	28800
1738 	32 	1.3314e+08 	1.93009e+06 	1.30616e+08 	1.45481e+08 	-1.07186e+07 	3.99412e+06 	28800
1739 	32 	1.3368e+08 	2.03632e+06 	1.30988e+08 	1.45975e+08 	-1.18985e+07 	2.46885e+06 	28800
1740 	32 	1.33572e+08 	1.8588e+06 	1.30882e+08 	1.4557e+08 	-7.96372e+06 	3.43019e+06 	28800
1741 	32 	1.3334e+08 	1.79246e+06 	1.30408e+08 	1.39746e+08 	-5.30745e+06 	2.07451e+06 	28800
1742 	32 	1.33095e+08 	2.12061e+06 	1.30728e+08 	1.48067e+08 	-1.47079e+07 	2.45836e+06 	28800
1743 	32 	1.32859e+08 	1.82887e+06 	1.30344e+08 	1.41763e+08 	-7.78684e+06 	2.28027e+06 	28800
1744 	32 	1.32974e+08 	1.89485e+06 	1.30324e+08 	1.43789e+08 	-8.68928e+06 	3.44198e+06 	28800


# Index 3: Results for P2_Simtick_Loop_Control
1681 	32 	2.22961e+08 	1.1999e+08 	1.83664e+08 	8.68583e+08 	-1.13336e+06 	1.02708e+06 	28800
1682 	32 	2.23008e+08 	1.29462e+08 	1.80855e+08 	1.25894e+09 	-788480 	807636 	28800
1683 	32 	2.22959e+08 	1.20255e+08 	1.8262e+08 	1.15727e+09 	-1.15773e+06 	1.0848e+06 	28800
1684 	32 	2.22965e+08 	1.28084e+08 	1.8187e+08 	1.26455e+09 	-803732 	772782 	28800
1685 	32 	2.22968e+08 	1.20433e+08 	1.82482e+08 	1.10753e+09 	-882797 	1.03216e+06 	28800
1686 	32 	2.22963e+08 	1.28809e+08 	1.81703e+08 	1.20202e+09 	-760906 	673286 	28800
1687 	32 	2.22966e+08 	1.28359e+08 	1.81236e+08 	1.18914e+09 	-768267 	825501 	28800
1688 	32 	2.22964e+08 	1.16288e+08 	1.84319e+08 	9.10962e+08 	-1.0284e+06 	1.08823e+06 	28800
1689 	32 	2.22963e+08 	1.22831e+08 	1.83025e+08 	1.10853e+09 	-1.08788e+06 	1.05024e+06 	28800
1690 	32 	2.22967e+08 	1.26328e+08 	1.80971e+08 	1.34434e+09 	-756577 	664212 	28800
1691 	32 	2.22963e+08 	1.20358e+08 	1.83272e+08 	1.09045e+09 	-1.04484e+06 	960305 	28800
1692 	32 	2.22963e+08 	1.22902e+08 	1.82668e+08 	1.05747e+09 	-825100 	701033 	28800
1693 	32 	2.22961e+08 	1.19897e+08 	1.83964e+08 	9.68497e+08 	-1.1022e+06 	1.04032e+06 	28800
1694 	32 	2.22961e+08 	1.35859e+08 	1.80798e+08 	1.3751e+09 	-877112 	873931 	28800
1695 	32 	2.22964e+08 	1.22248e+08 	1.82702e+08 	1.08069e+09 	-1.19498e+06 	1.33476e+06 	28800
1696 	32 	2.22961e+08 	1.28382e+08 	1.82223e+08 	1.2549e+09 	-1.09348e+06 	1.23867e+06 	28800
1697 	32 	2.22962e+08 	1.36764e+08 	1.80536e+08 	1.39918e+09 	-759922 	757076 	28800
1698 	32 	2.23005e+08 	1.29229e+08 	1.82884e+08 	1.58217e+09 	-1.3213e+06 	1.35486e+06 	28800
1699 	32 	2.22959e+08 	1.27571e+08 	1.81144e+08 	1.2466e+09 	-936993 	906825 	28800
1700 	32 	2.22964e+08 	1.22726e+08 	1.83249e+08 	1.0998e+09 	-940546 	975936 	28800
1701 	32 	2.22965e+08 	1.23519e+08 	1.83286e+08 	1.07485e+09 	-896596 	975937 	28800
1702 	32 	2.22965e+08 	1.26703e+08 	1.82859e+08 	1.24747e+09 	-1.0482e+06 	957720 	28800
1703 	32 	2.22964e+08 	1.20737e+08 	1.83641e+08 	1.11273e+09 	-952065 	991977 	28800
1704 	32 	2.22959e+08 	1.20652e+08 	1.83817e+08 	9.76338e+08 	-1.16806e+06 	1.0916e+06 	28800
1705 	32 	2.22965e+08 	1.27271e+08 	1.81824e+08 	1.16794e+09 	-947677 	852935 	28800
1706 	32 	2.22964e+08 	1.26564e+08 	1.82645e+08 	1.10899e+09 	-897653 	942603 	28800
1707 	32 	2.22964e+08 	1.22387e+08 	1.83634e+08 	1.01643e+09 	-849180 	798575 	28800
1708 	32 	2.22965e+08 	1.31753e+08 	1.81428e+08 	1.18886e+09 	-968344 	1.02866e+06 	28800
1709 	32 	2.22967e+08 	1.30006e+08 	1.81541e+08 	1.22806e+09 	-850424 	791401 	28800
1710 	32 	2.22963e+08 	1.27624e+08 	1.82337e+08 	1.21169e+09 	-754476 	795476 	28800
1711 	32 	2.22965e+08 	1.21978e+08 	1.84154e+08 	1.07968e+09 	-1.0213e+06 	990257 	28800
1712 	32 	2.22964e+08 	1.26835e+08 	1.82746e+08 	1.13974e+09 	-962280 	952847 	28800
1713 	32 	2.22964e+08 	1.19724e+08 	1.84129e+08 	9.57582e+08 	-794329 	793859 	28800
1714 	32 	2.22967e+08 	1.32876e+08 	1.813e+08 	1.23597e+09 	-693448 	706814 	28800
1715 	32 	2.22963e+08 	1.37422e+08 	1.81031e+08 	1.70274e+09 	-1.0033e+06 	859998 	28800
1716 	32 	2.23481e+08 	1.34506e+08 	1.81116e+08 	1.55312e+09 	-912010 	921689 	28800
1717 	32 	2.22963e+08 	1.2479e+08 	1.83207e+08 	1.08386e+09 	-870668 	830420 	28800
1718 	32 	2.22959e+08 	1.19739e+08 	1.8402e+08 	9.48423e+08 	-843443 	762522 	28800
1719 	32 	2.22964e+08 	1.39774e+08 	1.80493e+08 	1.53528e+09 	-1.06805e+06 	1.09775e+06 	28800
1720 	32 	2.22962e+08 	1.30522e+08 	1.82294e+08 	1.20497e+09 	-1.06777e+06 	1.17022e+06 	28800
1721 	32 	2.22964e+08 	1.2223e+08 	1.8415e+08 	1.00011e+09 	-930927 	993065 	28800
1722 	32 	2.22959e+08 	1.33659e+08 	1.81308e+08 	1.32007e+09 	-796229 	806503 	28800
1723 	32 	2.22962e+08 	1.19047e+08 	1.84931e+08 	1.04111e+09 	-1.24897e+06 	1.07765e+06 	28800
1724 	32 	2.22964e+08 	1.38193e+08 	1.81105e+08 	1.34202e+09 	-772528 	811197 	28800
1725 	32 	2.22966e+08 	1.27359e+08 	1.81959e+08 	1.18292e+09 	-878558 	1.04549e+06 	28800
1726 	32 	2.22961e+08 	1.15922e+08 	1.85879e+08 	8.82145e+08 	-1.49616e+06 	1.53659e+06 	28800
1727 	32 	2.2296e+08 	1.25731e+08 	1.83801e+08 	1.09032e+09 	-1.62827e+06 	1.58098e+06 	28800
1728 	32 	2.22963e+08 	1.29212e+08 	1.82776e+08 	1.23296e+09 	-1.07255e+06 	939698 	28800
1729 	32 	2.22969e+08 	1.27291e+08 	1.8232e+08 	1.11659e+09 	-1.08531e+06 	1.14531e+06 	28800
1730 	32 	2.22965e+08 	1.12957e+08 	1.86624e+08 	8.64189e+08 	-1.38456e+06 	1.45196e+06 	28800
1731 	32 	2.22964e+08 	1.27546e+08 	1.822e+08 	1.17279e+09 	-820965 	841208 	28800
1732 	32 	2.22961e+08 	1.28574e+08 	1.83234e+08 	1.13088e+09 	-1.1065e+06 	1.09409e+06 	28800
1733 	32 	2.22963e+08 	1.3099e+08 	1.82269e+08 	1.16736e+09 	-1.13408e+06 	1.17502e+06 	28800
1734 	32 	2.22964e+08 	1.34585e+08 	1.81473e+08 	1.25191e+09 	-881388 	915855 	28800
1735 	32 	2.22962e+08 	1.31718e+08 	1.81835e+08 	1.2435e+09 	-1.16555e+06 	1.16316e+06 	28800
1736 	32 	2.22963e+08 	1.20434e+08 	1.84773e+08 	9.1421e+08 	-1.2531e+06 	1.30121e+06 	28800
1737 	32 	2.2296e+08 	1.31737e+08 	1.82633e+08 	1.24986e+09 	-970400 	965200 	28800
1738 	32 	2.22963e+08 	1.25586e+08 	1.83258e+08 	1.11553e+09 	-1.44206e+06 	1.44332e+06 	28800
1739 	32 	2.22963e+08 	1.19835e+08 	1.85312e+08 	9.85163e+08 	-1.08532e+06 	1.11902e+06 	28800
1740 	32 	2.22966e+08 	1.26102e+08 	1.83635e+08 	1.10803e+09 	-960016 	962175 	28800
1741 	32 	2.22968e+08 	1.36505e+08 	1.80703e+08 	1.31429e+09 	-1.05107e+06 	1.05696e+06 	28800
1742 	32 	2.22959e+08 	1.23975e+08 	1.84706e+08 	1.03803e+09 	-1.07515e+06 	1.01415e+06 	28800
1743 	32 	2.22965e+08 	1.37394e+08 	1.81839e+08 	1.25372e+09 	-1.15428e+06 	1.18791e+06 	28800
1744 	32 	2.22964e+08 	1.37615e+08 	1.81751e+08 	1.30795e+09 	-975289 	1.01098e+06 	28800


# Index 4: Results for P3ME_ForwardFFT_Control
1681 	32 	4.26638e+07 	159653 	4.1249e+07 	4.38731e+07 	-899233 	740178 	28800
1682 	32 	4.2755e+07 	173430 	4.13079e+07 	4.38788e+07 	-954404 	601083 	28800
1683 	32 	4.25831e+07 	NaNQ 	4.1311e+07 	4.357e+07 	-615597 	714906 	28800
1684 	32 	4.26997e+07 	102376 	4.12779e+07 	4.3736e+07 	-706404 	685542 	28800
1685 	32 	4.26079e+07 	142886 	4.1306e+07 	4.40009e+07 	-719353 	741370 	28800
1686 	32 	4.26461e+07 	123647 	4.1337e+07 	4.3782e+07 	-779413 	601888 	28800
1687 	32 	4.26608e+07 	187821 	4.13449e+07 	4.38521e+07 	-802040 	712678 	28800
1688 	32 	4.26843e+07 	213721 	4.13232e+07 	4.3992e+07 	-931315 	694521 	28800
1689 	32 	4.26513e+07 	158123 	4.1296e+07 	4.38771e+07 	-666536 	695176 	28800
1690 	32 	4.27191e+07 	126911 	4.1353e+07 	4.37939e+07 	-706196 	600815 	28800
1691 	32 	4.27045e+07 	151643 	4.1342e+07 	4.3977e+07 	-689700 	915013 	28800
1692 	32 	4.29386e+07 	255677 	4.1348e+07 	4.4122e+07 	-1.26158e+06 	867456 	28800
1693 	32 	4.2917e+07 	206052 	4.13401e+07 	4.3977e+07 	-1.1563e+06 	728480 	28800
1694 	32 	4.26339e+07 	86246.7 	4.13158e+07 	4.38499e+07 	-762262 	825323 	28800
1695 	32 	4.28382e+07 	193252 	4.13129e+07 	4.41482e+07 	-960738 	919030 	28800
1696 	32 	4.26561e+07 	108940 	4.13239e+07 	4.3777e+07 	-631444 	774600 	28800
1697 	32 	4.25973e+07 	NaNQ 	4.13339e+07 	4.3761e+07 	-692867 	631854 	28800
1698 	32 	4.27023e+07 	144015 	4.13082e+07 	4.4033e+07 	-811443 	808947 	28800
1699 	32 	4.2793e+07 	164057 	4.13291e+07 	4.38652e+07 	-822634 	671126 	28800
1700 	32 	4.26538e+07 	60627.4 	4.1358e+07 	4.3771e+07 	-662655 	805713 	28800
1701 	32 	4.26584e+07 	113081 	4.13289e+07 	4.37109e+07 	-678964 	757381 	28800
1702 	32 	4.2711e+07 	206447 	4.1301e+07 	4.4189e+07 	-922411 	823796 	28800
1703 	32 	4.28323e+07 	188099 	4.13232e+07 	4.42791e+07 	-989891 	754550 	28800
1704 	32 	4.25746e+07 	16822.9 	4.13029e+07 	4.36192e+07 	-650592 	633076 	28800
1705 	32 	4.25788e+07 	NaNQ 	4.13661e+07 	4.38008e+07 	-579596 	712148 	28800
1706 	32 	4.27046e+07 	135416 	4.1316e+07 	4.40249e+07 	-684299 	824377 	28800
1707 	32 	4.27913e+07 	104652 	4.13249e+07 	4.3838e+07 	-872456 	603230 	28800
1708 	32 	4.2707e+07 	159244 	4.1321e+07 	4.39849e+07 	-1.03172e+06 	709980 	28800
1709 	32 	4.27453e+07 	96322.2 	4.13878e+07 	4.36749e+07 	-712544 	611246 	28800
1710 	32 	4.28103e+07 	128091 	4.13291e+07 	4.3853e+07 	-866376 	670128 	28800
1711 	32 	4.25531e+07 	NaNQ 	4.1338e+07 	4.3515e+07 	-577382 	482037 	28800
1712 	32 	4.2605e+07 	NaNQ 	4.13091e+07 	4.33879e+07 	-559881 	545084 	28800
1713 	32 	4.27698e+07 	156356 	4.13051e+07 	4.40068e+07 	-900790 	715486 	28800
1714 	32 	4.26967e+07 	120106 	4.13091e+07 	4.38609e+07 	-677273 	631928 	28800
1715 	32 	4.27245e+07 	176324 	4.128e+07 	4.391e+07 	-753328 	820040 	28800
1716 	32 	4.2653e+07 	136997 	4.13418e+07 	4.38519e+07 	-719555 	693902 	28800
1717 	32 	4.27351e+07 	208738 	4.13592e+07 	4.3963e+07 	-902652 	877254 	28800
1718 	32 	4.29421e+07 	201536 	4.13828e+07 	4.43861e+07 	-1.02641e+06 	1.15433e+06 	28800
1719 	32 	4.26784e+07 	134374 	4.13289e+07 	4.3823e+07 	-721283 	605241 	28800
1720 	32 	4.27671e+07 	84673 	4.13971e+07 	4.39959e+07 	-892855 	745364 	28800
1721 	32 	4.26674e+07 	144196 	4.1332e+07 	4.38108e+07 	-827572 	628687 	28800
1722 	32 	4.26924e+07 	153626 	4.13039e+07 	4.3761e+07 	-679433 	693180 	28800
1723 	32 	4.28851e+07 	255620 	4.13089e+07 	4.42998e+07 	-1.06063e+06 	838131 	28800
1724 	32 	4.28026e+07 	148609 	4.13768e+07 	4.3956e+07 	-800185 	878893 	28800
1725 	32 	4.2802e+07 	53263 	4.13451e+07 	4.38402e+07 	-924222 	558987 	28800
1726 	32 	4.2679e+07 	130660 	4.1316e+07 	4.39229e+07 	-772871 	718407 	28800
1727 	32 	4.27373e+07 	42505 	4.13649e+07 	4.3613e+07 	-723146 	570938 	28800
1728 	32 	4.26687e+07 	137201 	4.13098e+07 	4.3731e+07 	-797689 	672333 	28800
1729 	32 	4.25928e+07 	NaNQ 	4.13501e+07 	4.3576e+07 	-559904 	621170 	28800
1730 	32 	4.26969e+07 	174224 	4.1389e+07 	4.40111e+07 	-870988 	717438 	28800
1731 	32 	4.28205e+07 	158171 	4.13129e+07 	4.3864e+07 	-853926 	764861 	28800
1732 	32 	4.26224e+07 	161140 	4.13129e+07 	4.41129e+07 	-732615 	983328 	28800
1733 	32 	4.25951e+07 	73191.2 	4.1301e+07 	4.372e+07 	-596449 	698679 	28800
1734 	32 	4.26158e+07 	112807 	4.13289e+07 	4.38581e+07 	-589229 	869632 	28800
1735 	32 	4.27099e+07 	150645 	4.12838e+07 	4.4102e+07 	-901386 	823907 	28800
1736 	32 	4.25998e+07 	125847 	4.13001e+07 	4.3829e+07 	-583530 	823058 	28800
1737 	32 	4.25739e+07 	NaNQ 	4.13301e+07 	4.35059e+07 	-491761 	535957 	28800
1738 	32 	4.26028e+07 	NaNQ 	4.13752e+07 	4.3736e+07 	-635632 	658870 	28800
1739 	32 	4.31431e+07 	226601 	4.1297e+07 	4.4544e+07 	-1.19048e+06 	917875 	28800
1740 	32 	4.27872e+07 	162687 	4.13191e+07 	4.4327e+07 	-911631 	916377 	28800
1741 	32 	4.30143e+07 	228986 	4.1286e+07 	4.4199e+07 	-1.14975e+06 	649020 	28800
1742 	32 	4.26288e+07 	119205 	4.1342e+07 	4.3663e+07 	-779174 	725277 	28800
1743 	32 	4.26137e+07 	48530.2 	4.1317e+07 	4.38161e+07 	-659361 	796863 	28800
1744 	32 	4.26792e+07 	137352 	4.1333e+07 	4.40159e+07 	-812016 	715524 	28800


# Index 5: Results for P3ME_Rev_FFT
1681 	32 	4.76081e+07 	NaNQ 	4.69272e+07 	4.83e+07 	-593938 	439957 	28800
1682 	32 	4.75462e+07 	NaNQ 	4.6896e+07 	4.8321e+07 	-546650 	468381 	28800
1683 	32 	4.75889e+07 	NaNQ 	4.67691e+07 	4.831e+07 	-552587 	399671 	28800
1684 	32 	4.75024e+07 	NaNQ 	4.6767e+07 	4.82249e+07 	-504718 	426516 	28800
1685 	32 	4.73604e+07 	NaNQ 	4.6766e+07 	4.79579e+07 	-378341 	274964 	28800
1686 	32 	4.75951e+07 	NaNQ 	4.6911e+07 	4.8259e+07 	-526622 	423133 	28800
1687 	32 	4.7545e+07 	NaNQ 	4.6942e+07 	4.8214e+07 	-512294 	472188 	28800
1688 	32 	4.75297e+07 	NaNQ 	4.6931e+07 	4.82829e+07 	-521556 	518307 	28800
1689 	32 	4.75783e+07 	NaNQ 	4.69379e+07 	4.8342e+07 	-524514 	458993 	28800
1690 	32 	4.75342e+07 	NaNQ 	4.6937e+07 	4.82719e+07 	-491902 	455878 	28800
1691 	32 	4.75662e+07 	NaNQ 	4.69329e+07 	4.83358e+07 	-515729 	503503 	28800
1692 	32 	4.76152e+07 	NaNQ 	4.69558e+07 	4.8399e+07 	-568293 	443936 	28800
1693 	32 	4.75597e+07 	NaNQ 	4.69558e+07 	4.82149e+07 	-551499 	438102 	28800
1694 	32 	4.75213e+07 	NaNQ 	4.69201e+07 	4.81451e+07 	-470936 	435591 	28800
1695 	32 	4.75835e+07 	NaNQ 	4.6926e+07 	4.83539e+07 	-544243 	479252 	28800
1696 	32 	4.75474e+07 	NaNQ 	4.6927e+07 	4.8115e+07 	-519343 	392832 	28800
1697 	32 	4.75153e+07 	NaNQ 	4.67918e+07 	4.8265e+07 	-486135 	506334 	28800
1698 	32 	4.75969e+07 	NaNQ 	4.69501e+07 	4.827e+07 	-506364 	416100 	28800
1699 	32 	4.74503e+07 	NaNQ 	4.6798e+07 	4.81699e+07 	-535250 	418558 	28800
1700 	32 	4.7639e+07 	NaNQ 	4.6911e+07 	4.845e+07 	-548914 	438064 	28800
1701 	32 	4.7589e+07 	NaNQ 	4.69189e+07 	4.82659e+07 	-475287 	310846 	28800
1702 	32 	4.75936e+07 	NaNQ 	4.69491e+07 	4.8188e+07 	-504724 	352964 	28800
1703 	32 	4.75511e+07 	NaNQ 	4.69899e+07 	4.81489e+07 	-443779 	381946 	28800
1704 	32 	4.75936e+07 	NaNQ 	4.69692e+07 	4.83062e+07 	-523187 	467934 	28800
1705 	32 	4.76031e+07 	NaNQ 	4.69511e+07 	4.83131e+07 	-548594 	338502 	28800
1706 	32 	4.75467e+07 	NaNQ 	4.6977e+07 	4.82218e+07 	-472888 	356771 	28800
1707 	32 	4.75429e+07 	NaNQ 	4.6978e+07 	4.83201e+07 	-456959 	527650 	28800
1708 	32 	4.7579e+07 	NaNQ 	4.6937e+07 	4.83482e+07 	-524149 	586696 	28800
1709 	32 	4.75853e+07 	NaNQ 	4.6926e+07 	4.8152e+07 	-473105 	288948 	28800
1710 	32 	4.75231e+07 	NaNQ 	4.6911e+07 	4.84099e+07 	-559098 	349074 	28800
1711 	32 	4.76771e+07 	NaNQ 	4.69329e+07 	4.83339e+07 	-588439 	430949 	28800
1712 	32 	4.75805e+07 	NaNQ 	4.69351e+07 	4.8341e+07 	-491403 	379643 	28800
1713 	32 	4.75153e+07 	NaNQ 	4.69329e+07 	4.83041e+07 	-469461 	514619 	28800
1714 	32 	4.75916e+07 	NaNQ 	4.6916e+07 	4.82199e+07 	-542537 	312671 	28800
1715 	32 	4.75542e+07 	NaNQ 	4.67739e+07 	4.82931e+07 	-525698 	412821 	28800
1716 	32 	4.76515e+07 	NaNQ 	4.69511e+07 	4.83611e+07 	-560269 	400968 	28800
1717 	32 	4.75861e+07 	NaNQ 	4.69139e+07 	4.83429e+07 	-505500 	585377 	28800
1718 	32 	4.75456e+07 	NaNQ 	4.68838e+07 	4.8348e+07 	-674210 	457897 	28800
1719 	32 	4.75952e+07 	NaNQ 	4.69182e+07 	4.84352e+07 	-576436 	556208 	28800
1720 	32 	4.76259e+07 	NaNQ 	4.6912e+07 	4.84209e+07 	-539236 	472658 	28800
1721 	32 	4.76534e+07 	NaNQ 	4.69391e+07 	4.84669e+07 	-581070 	538446 	28800
1722 	32 	4.76219e+07 	NaNQ 	4.69759e+07 	4.83241e+07 	-594840 	431612 	28800
1723 	32 	4.75758e+07 	NaNQ 	4.6937e+07 	4.83479e+07 	-466876 	555649 	28800
1724 	32 	4.76148e+07 	NaNQ 	4.69539e+07 	4.8279e+07 	-486619 	428736 	28800
1725 	32 	4.7635e+07 	NaNQ 	4.6978e+07 	4.84011e+07 	-500002 	502459 	28800
1726 	32 	4.76478e+07 	NaNQ 	4.69501e+07 	4.8316e+07 	-532717 	432707 	28800
1727 	32 	4.76082e+07 	NaNQ 	4.69301e+07 	4.83658e+07 	-485674 	427947 	28800
1728 	32 	4.76143e+07 	NaNQ 	4.69551e+07 	4.83432e+07 	-554160 	520520 	28800
1729 	32 	4.76111e+07 	NaNQ 	4.69449e+07 	4.8347e+07 	-500419 	336476 	28800
1730 	32 	4.76733e+07 	NaNQ 	4.69358e+07 	4.83222e+07 	-538885 	438713 	28800
1731 	32 	4.7685e+07 	NaNQ 	4.69248e+07 	4.82321e+07 	-530176 	353254 	28800
1732 	32 	4.76192e+07 	NaNQ 	4.6963e+07 	4.84869e+07 	-503376 	449710 	28800
1733 	32 	4.75925e+07 	NaNQ 	4.69489e+07 	4.83599e+07 	-535816 	484362 	28800
1734 	32 	4.76374e+07 	NaNQ 	4.69398e+07 	4.826e+07 	-508576 	355058 	28800
1735 	32 	4.75954e+07 	NaNQ 	4.69089e+07 	4.8291e+07 	-548862 	474811 	28800
1736 	32 	4.76029e+07 	NaNQ 	4.69651e+07 	4.82538e+07 	-512325 	427723 	28800
1737 	32 	4.76233e+07 	NaNQ 	4.6957e+07 	4.83088e+07 	-520118 	480301 	28800
1738 	32 	4.76164e+07 	NaNQ 	4.69339e+07 	4.82628e+07 	-518412 	412322 	28800
1739 	32 	4.76047e+07 	NaNQ 	4.6982e+07 	4.8218e+07 	-458777 	402704 	28800
1740 	32 	4.79077e+07 	NaNQ 	4.6931e+07 	4.83272e+07 	-507779 	332631 	28800
1741 	32 	4.75043e+07 	NaNQ 	4.6768e+07 	4.8234e+07 	-465698 	583946 	28800
1742 	32 	4.75722e+07 	NaNQ 	4.68431e+07 	4.8476e+07 	-504009 	493109 	28800
1743 	32 	4.74284e+07 	NaNQ 	4.67479e+07 	4.8131e+07 	-391081 	402801 	28800
1744 	32 	4.74631e+07 	NaNQ 	4.6916e+07 	4.8279e+07 	-392176 	395410 	28800


# Index 6: Results for RealSpaceAddForces
1681 	32 	5.76111e+06 	2.73398e+06 	4.12393e+06 	1.65701e+07 	-901274 	775896 	28800
1682 	32 	5.75584e+06 	2.72909e+06 	4.246e+06 	1.64552e+07 	-771344 	873513 	28800
1683 	32 	5.74544e+06 	2.709e+06 	4.09508e+06 	1.6573e+07 	-928223 	870243 	28800
1684 	32 	5.7418e+06 	2.71081e+06 	4.16207e+06 	1.64871e+07 	-837579 	836596 	28800
1685 	32 	5.75445e+06 	2.73237e+06 	4.20094e+06 	1.64831e+07 	-800968 	822842 	28800
1686 	32 	5.74628e+06 	2.71222e+06 	4.03309e+06 	1.6504e+07 	-988655 	819534 	28800
1687 	32 	5.75134e+06 	2.73251e+06 	4.07696e+06 	1.65071e+07 	-929029 	836805 	28800
1688 	32 	5.74907e+06 	2.7117e+06 	4.21715e+06 	1.65589e+07 	-805661 	851922 	28800
1689 	32 	5.73447e+06 	2.7092e+06 	4.01712e+06 	1.64981e+07 	-984400 	864603 	28800
1690 	32 	5.75193e+06 	2.73449e+06 	4.16899e+06 	1.64862e+07 	-841498 	787288 	28800
1691 	32 	5.75633e+06 	2.73388e+06 	4.02188e+06 	1.6628e+07 	-999668 	823199 	28800
1692 	32 	5.7554e+06 	2.70932e+06 	3.95799e+06 	1.65949e+07 	-1.08404e+06 	775763 	28800
1693 	32 	5.73842e+06 	2.69077e+06 	3.96395e+06 	1.65999e+07 	-1.13242e+06 	835918 	28800
1694 	32 	5.73517e+06 	2.68595e+06 	4.071e+06 	1.65222e+07 	-959679 	806101 	28800
1695 	32 	5.73989e+06 	2.70843e+06 	4.2181e+06 	1.651e+07 	-793278 	896148 	28800
1696 	32 	5.72408e+06 	2.68559e+06 	4.2429e+06 	1.6511e+07 	-758827 	910036 	28800
1697 	32 	5.7218e+06 	2.68549e+06 	4.18615e+06 	1.6479e+07 	-831075 	859551 	28800
1698 	32 	5.72732e+06 	2.68537e+06 	4.12011e+06 	1.65179e+07 	-902056 	768923 	28800
1699 	32 	5.76155e+06 	2.73428e+06 	4.12798e+06 	1.65322e+07 	-900261 	805900 	28800
1700 	32 	5.73973e+06 	2.71167e+06 	4.14896e+06 	1.65701e+07 	-861987 	839129 	28800
1701 	32 	5.73092e+06 	2.68652e+06 	4.09508e+06 	1.647e+07 	-906692 	854925 	28800
1702 	32 	5.73588e+06 	2.68057e+06 	4.22692e+06 	1.65012e+07 	-804908 	781082 	28800
1703 	32 	5.75318e+06 	2.70074e+06 	4.29511e+06 	1.6535e+07 	-733838 	827730 	28800
1704 	32 	5.72876e+06 	2.68614e+06 	4.1008e+06 	1.6469e+07 	-947908 	828840 	28800
1705 	32 	5.75149e+06 	2.70806e+06 	4.18496e+06 	1.6474e+07 	-836648 	865855 	28800
1706 	32 	5.71031e+06 	2.66126e+06 	4.13799e+06 	1.6572e+07 	-867576 	803523 	28800
1707 	32 	5.72387e+06 	2.66408e+06 	4.00806e+06 	1.65679e+07 	-1.04097e+06 	827216 	28800
1708 	32 	5.73294e+06 	2.68421e+06 	4.15087e+06 	1.65e+07 	-867418 	865735 	28800
1709 	32 	5.75151e+06 	2.70875e+06 	4.22692e+06 	1.65169e+07 	-801042 	855013 	28800
1710 	32 	5.73793e+06 	2.68438e+06 	4.143e+06 	1.65231e+07 	-882208 	855387 	28800
1711 	32 	5.7241e+06 	2.65728e+06 	4.27008e+06 	1.6469e+07 	-755481 	822105 	28800
1712 	32 	5.72122e+06 	2.66647e+06 	4.18615e+06 	1.6535e+07 	-832334 	855647 	28800
1713 	32 	5.72564e+06 	2.66381e+06 	4.08411e+06 	1.65031e+07 	-934295 	889130 	28800
1714 	32 	5.71859e+06 	2.66032e+06 	4.15397e+06 	1.65279e+07 	-857606 	844203 	28800
1715 	32 	5.74587e+06 	2.68463e+06 	4.11987e+06 	1.6511e+07 	-914067 	796914 	28800
1716 	32 	5.73479e+06 	2.68269e+06 	4.16493e+06 	1.6495e+07 	-865400 	778996 	28800
1717 	32 	5.72681e+06 	2.68572e+06 	4.21023e+06 	1.65241e+07 	-799939 	859931 	28800
1718 	32 	5.73818e+06 	2.69056e+06 	4.04406e+06 	1.6546e+07 	-1.00849e+06 	900723 	28800
1719 	32 	5.72711e+06 	2.69339e+06 	4.1039e+06 	1.65439e+07 	-904009 	795149 	28800
1720 	32 	5.71261e+06 	2.66845e+06 	4.05598e+06 	1.64959e+07 	-955828 	814736 	28800
1721 	32 	5.72415e+06 	2.65847e+06 	4.24814e+06 	1.64878e+07 	-767857 	840679 	28800
1722 	32 	5.71768e+06 	2.66404e+06 	3.99399e+06 	1.6504e+07 	-1.03408e+06 	833869 	28800
1723 	32 	5.71205e+06 	2.65444e+06 	4.3149e+06 	1.65238e+07 	-692599 	808247 	28800
1724 	32 	5.72333e+06 	2.66328e+06 	4.09102e+06 	1.651e+07 	-925318 	817202 	28800
1725 	32 	5.76643e+06 	2.69702e+06 	4.22812e+06 	1.64819e+07 	-805803 	750445 	28800
1726 	32 	5.72225e+06 	2.6549e+06 	4.26292e+06 	1.65811e+07 	-752836 	772804 	28800
1727 	32 	5.70851e+06 	2.64426e+06 	3.97897e+06 	1.65429e+07 	-1.12096e+06 	780307 	28800
1728 	32 	5.72305e+06 	2.65861e+06 	4.0071e+06 	1.65339e+07 	-1.04117e+06 	832356 	28800
1729 	32 	5.72151e+06 	2.66703e+06 	4.13585e+06 	1.6526e+07 	-903822 	830032 	28800
1730 	32 	5.71738e+06 	2.63369e+06 	4.29106e+06 	1.653e+07 	-747137 	849045 	28800
1731 	32 	5.73918e+06 	2.71044e+06 	4.09889e+06 	1.651e+07 	-911496 	834249 	28800
1732 	32 	5.70033e+06 	2.64348e+06 	4.08292e+06 	1.6515e+07 	-928960 	820040 	28800
1733 	32 	5.72314e+06 	2.66918e+06 	4.0338e+06 	1.653e+07 	-1.00277e+06 	828348 	28800
1734 	32 	5.71038e+06 	2.64031e+06 	4.20117e+06 	1.6552e+07 	-821807 	863380 	28800
1735 	32 	5.71747e+06 	2.63471e+06 	4.25601e+06 	1.6501e+07 	-780955 	845537 	28800
1736 	32 	5.70935e+06 	2.63632e+06 	3.92294e+06 	1.65851e+07 	-1.1043e+06 	812397 	28800
1737 	32 	5.70786e+06 	2.64659e+06 	3.92103e+06 	1.6562e+07 	-1.14541e+06 	872806 	28800
1738 	32 	5.70186e+06 	2.63292e+06 	4.19688e+06 	1.65379e+07 	-814103 	753015 	28800
1739 	32 	5.70616e+06 	2.63501e+06 	4.246e+06 	1.65808e+07 	-760973 	872463 	28800
1740 	32 	5.711e+06 	2.63609e+06 	4.22192e+06 	1.6485e+07 	-802293 	752121 	28800
1741 	32 	5.7359e+06 	2.65109e+06 	4.26507e+06 	1.65172e+07 	-772477 	771873 	28800
1742 	32 	5.69871e+06 	2.6174e+06 	3.94607e+06 	1.65231e+07 	-1.14977e+06 	852690 	28800
1743 	32 	5.69977e+06 	2.61179e+06 	4.09698e+06 	1.6521e+07 	-919901 	904306 	28800
1744 	32 	5.69632e+06 	2.60737e+06 	4.21906e+06 	1.65031e+07 	-793412 	780053 	28800


# Index 7: Results for RealSpaceDualCore
1681 	32 	4.52124e+07 	9.38779e+07 	0 	5.5196e+08 	-4.49378e+07 	6.28398e+07 	28800
1682 	32 	4.50848e+07 	9.3463e+07 	0 	5.33179e+08 	-3.69142e+07 	4.53538e+07 	28800
1683 	32 	4.48164e+07 	9.28205e+07 	0 	5.33836e+08 	-5.55179e+07 	4.32824e+07 	28800
1684 	32 	4.47115e+07 	9.28343e+07 	0 	5.39113e+08 	-5.97512e+07 	4.66685e+07 	28800
1685 	32 	4.51899e+07 	9.35672e+07 	0 	5.31685e+08 	-4.73876e+07 	5.29468e+07 	28800
1686 	32 	4.46416e+07 	9.30267e+07 	0 	5.34806e+08 	-5.34294e+07 	4.27155e+07 	28800
1687 	32 	4.50796e+07 	9.33654e+07 	0 	5.3526e+08 	-5.35462e+07 	4.21256e+07 	28800
1688 	32 	4.47106e+07 	9.31219e+07 	0 	5.36799e+08 	-4.49801e+07 	4.75824e+07 	28800
1689 	32 	4.4492e+07 	9.22981e+07 	0 	5.36144e+08 	-7.03768e+07 	5.0689e+07 	28800
1690 	32 	4.50204e+07 	9.34603e+07 	0 	5.30974e+08 	-4.09859e+07 	4.71037e+07 	28800
1691 	32 	4.51282e+07 	9.38309e+07 	0 	5.29088e+08 	-4.91337e+07 	3.65098e+07 	28800
1692 	32 	4.45228e+07 	9.30973e+07 	0 	5.44343e+08 	-6.88249e+07 	5.0549e+07 	28800
1693 	32 	4.40568e+07 	9.22743e+07 	0 	5.34151e+08 	-7.32354e+07 	4.30027e+07 	28800
1694 	32 	4.4175e+07 	9.20773e+07 	0 	5.29504e+08 	-4.19146e+07 	4.17065e+07 	28800
1695 	32 	4.4529e+07 	9.25961e+07 	0 	5.37682e+08 	-3.9114e+07 	4.92245e+07 	28800
1696 	32 	4.41142e+07 	9.20996e+07 	0 	5.38493e+08 	-6.65672e+07 	5.20463e+07 	28800
1697 	32 	4.4134e+07 	9.15423e+07 	0 	5.34865e+08 	-4.37428e+07 	4.35592e+07 	28800
1698 	32 	4.41426e+07 	9.19906e+07 	0 	5.2328e+08 	-5.30543e+07 	3.84376e+07 	28800
1699 	32 	4.50922e+07 	9.37496e+07 	0 	5.2889e+08 	-4.39527e+07 	3.87557e+07 	28800
1700 	32 	4.44446e+07 	9.25015e+07 	0 	5.33817e+08 	-5.18441e+07 	4.29531e+07 	28800
1701 	32 	4.40368e+07 	9.18837e+07 	0 	5.36981e+08 	-4.91516e+07 	5.37671e+07 	28800
1702 	32 	4.41617e+07 	9.22807e+07 	0 	5.30797e+08 	-3.17211e+07 	3.56104e+07 	28800
1703 	32 	4.44919e+07 	9.29095e+07 	0 	5.25595e+08 	-4.06054e+07 	3.36936e+07 	28800
1704 	32 	4.41312e+07 	9.20584e+07 	0 	5.43121e+08 	-4.22551e+07 	5.35006e+07 	28800
1705 	32 	4.4519e+07 	9.28794e+07 	0 	5.35026e+08 	-6.22829e+07 	4.5811e+07 	28800
1706 	32 	4.3608e+07 	9.1012e+07 	0 	5.39781e+08 	-6.89621e+07 	5.88363e+07 	28800
1707 	32 	4.371e+07 	9.15705e+07 	0 	5.34731e+08 	-4.76011e+07 	4.44799e+07 	28800
1708 	32 	4.40578e+07 	9.20312e+07 	0 	5.44902e+08 	-3.96257e+07 	5.23098e+07 	28800
1709 	32 	4.45299e+07 	9.33543e+07 	0 	5.41993e+08 	-3.17347e+07 	5.13352e+07 	28800
1710 	32 	4.42051e+07 	9.23172e+07 	0 	5.35612e+08 	-2.80537e+07 	3.93649e+07 	28800
1711 	32 	4.36677e+07 	9.14008e+07 	0 	5.3735e+08 	-5.20876e+07 	4.95997e+07 	28800
1712 	32 	4.36906e+07 	9.15364e+07 	0 	5.35086e+08 	-2.95054e+07 	4.17778e+07 	28800
1713 	32 	4.36424e+07 	9.14636e+07 	0 	5.39022e+08 	-4.87126e+07 	4.77557e+07 	28800
1714 	32 	4.35809e+07 	9.13856e+07 	0 	5.40249e+08 	-4.31198e+07 	5.26817e+07 	28800
1715 	32 	4.41409e+07 	9.22731e+07 	0 	5.48652e+08 	-3.02704e+07 	5.89489e+07 	28800
1716 	32 	4.41184e+07 	9.21622e+07 	0 	5.32205e+08 	-3.93374e+07 	3.94202e+07 	28800
1717 	32 	4.39184e+07 	9.16772e+07 	0 	5.3795e+08 	-3.38244e+07 	4.70078e+07 	28800
1718 	32 	4.39931e+07 	9.23456e+07 	0 	5.41811e+08 	-4.61464e+07 	4.93828e+07 	28800
1719 	32 	4.39519e+07 	9.19083e+07 	0 	5.1776e+08 	-4.73509e+07 	3.05856e+07 	28800
1720 	32 	4.34441e+07 	9.09018e+07 	0 	5.40444e+08 	-3.74766e+07 	5.03031e+07 	28800
1721 	32 	4.36351e+07 	9.13372e+07 	0 	5.39151e+08 	-5.44126e+07 	4.84345e+07 	28800
1722 	32 	4.3597e+07 	9.12115e+07 	0 	5.35624e+08 	-5.95854e+07 	4.25674e+07 	28800
1723 	32 	4.33475e+07 	9.05195e+07 	0 	5.19581e+08 	-3.49344e+07 	4.25245e+07 	28800
1724 	32 	4.35036e+07 	9.12877e+07 	0 	5.35224e+08 	-5.08143e+07 	4.2092e+07 	28800
1725 	32 	4.44457e+07 	9.37544e+07 	0 	5.40484e+08 	-4.95358e+07 	4.17981e+07 	28800
1726 	32 	4.35235e+07 	9.12728e+07 	0 	5.37787e+08 	-4.00511e+07 	4.79204e+07 	28800
1727 	32 	4.30194e+07 	9.015e+07 	0 	5.32192e+08 	-7.4733e+07 	4.00824e+07 	28800
1728 	32 	4.34998e+07 	9.14275e+07 	0 	5.37985e+08 	-5.50566e+07 	4.64444e+07 	28800
1729 	32 	4.36529e+07 	9.15116e+07 	0 	5.3368e+08 	-4.20555e+07 	4.24287e+07 	28800
1730 	32 	4.302e+07 	9.05091e+07 	0 	5.37781e+08 	-4.67332e+07 	4.40839e+07 	28800
1731 	32 	4.41535e+07 	9.28741e+07 	0 	5.33399e+08 	-3.96294e+07 	4.4324e+07 	28800
1732 	32 	4.2948e+07 	8.98569e+07 	0 	5.291e+08 	-4.27592e+07 	4.08844e+07 	28800
1733 	32 	4.34774e+07 	9.09734e+07 	0 	5.30878e+08 	-5.45741e+07 	4.34486e+07 	28800
1734 	32 	4.30767e+07 	9.04858e+07 	0 	5.34305e+08 	-2.96657e+07 	5.14171e+07 	28800
1735 	32 	4.29793e+07 	9.08147e+07 	0 	5.36478e+08 	-5.98343e+07 	4.17766e+07 	28800
1736 	32 	4.29364e+07 	9.01785e+07 	0 	5.43958e+08 	-5.89082e+07 	5.32982e+07 	28800
1737 	32 	4.3014e+07 	9.03651e+07 	0 	5.36953e+08 	-8.72286e+07 	4.9431e+07 	28800
1738 	32 	4.30214e+07 	9.01901e+07 	0 	5.37963e+08 	-3.56144e+07 	4.48191e+07 	28800
1739 	32 	4.27377e+07 	9.01728e+07 	0 	5.32384e+08 	-5.67038e+07 	4.38761e+07 	28800
1740 	32 	4.27436e+07 	9.02867e+07 	0 	5.38993e+08 	-4.33332e+07 	4.51844e+07 	28800
1741 	32 	4.34507e+07 	9.19836e+07 	0 	5.365e+08 	-3.5082e+07 	4.39493e+07 	28800
1742 	32 	4.26837e+07 	8.96737e+07 	0 	5.3297e+08 	-7.42549e+07 	4.56693e+07 	28800
1743 	32 	4.26457e+07 	8.96519e+07 	0 	5.40767e+08 	-4.30696e+07 	4.89903e+07 	28800
1744 	32 	4.25706e+07 	8.95967e+07 	0 	5.40686e+08 	-5.27689e+07 	5.1175e+07 	28800


# Index 8: Results for ReduceForces_Cntl
1681 	32 	1.56104e+07 	1.51582e+07 	4.90808e+06 	1.21922e+08 	-6.21688e+07 	4.5407e+07 	28800
1682 	32 	1.18208e+07 	1.19336e+07 	5.11289e+06 	9.637e+07 	-4.50898e+07 	3.73028e+07 	28800
1683 	32 	1.437e+07 	1.07998e+07 	5.16105e+06 	1.04779e+08 	-4.2418e+07 	4.81904e+07 	28800
1684 	32 	1.27783e+07 	1.24124e+07 	4.94695e+06 	1.14539e+08 	-4.67235e+07 	5.97714e+07 	28800
1685 	32 	1.44563e+07 	1.26924e+07 	5.615e+06 	1.11654e+08 	-5.26128e+07 	4.43279e+07 	28800
1686 	32 	1.2218e+07 	1.15123e+07 	4.96388e+06 	1.01003e+08 	-4.17529e+07 	4.6954e+07 	28800
1687 	32 	1.24069e+07 	1.14357e+07 	5.37801e+06 	1.03123e+08 	-4.14666e+07 	4.98045e+07 	28800
1688 	32 	1.55336e+07 	1.16022e+07 	5.01513e+06 	9.9972e+07 	-4.65555e+07 	4.02843e+07 	28800
1689 	32 	1.40841e+07 	1.26805e+07 	5.14483e+06 	1.26114e+08 	-4.97494e+07 	6.34605e+07 	28800
1690 	32 	1.29186e+07 	1.20735e+07 	5.14913e+06 	1.01703e+08 	-4.67117e+07 	4.10001e+07 	28800
1691 	32 	1.32745e+07 	9.53894e+06 	4.96817e+06 	9.1994e+07 	-3.54354e+07 	4.21295e+07 	28800
1692 	32 	1.38883e+07 	1.29013e+07 	4.92191e+06 	1.23995e+08 	-4.99115e+07 	6.12201e+07 	28800
1693 	32 	1.44601e+07 	1.12762e+07 	4.8399e+06 	1.20583e+08 	-4.24953e+07 	6.41696e+07 	28800
1694 	32 	1.12167e+07 	1.0056e+07 	4.86398e+06 	9.03912e+07 	-4.0922e+07 	3.55165e+07 	28800
1695 	32 	1.40382e+07 	1.22775e+07 	5.37896e+06 	9.92041e+07 	-4.86629e+07 	3.54396e+07 	28800
1696 	32 	1.31671e+07 	1.31227e+07 	5.03206e+06 	1.24165e+08 	-5.14828e+07 	6.01995e+07 	28800
1697 	32 	1.14305e+07 	1.17527e+07 	5.06306e+06 	1.01015e+08 	-4.3109e+07 	4.42685e+07 	28800
1698 	32 	1.30539e+07 	9.58057e+06 	5.56588e+06 	1.00405e+08 	-3.83202e+07 	5.18019e+07 	28800
1699 	32 	1.20482e+07 	1.06495e+07 	5.01514e+06 	9.27339e+07 	-3.81035e+07 	4.294e+07 	28800
1700 	32 	1.36768e+07 	1.11107e+07 	5.27716e+06 	1.01625e+08 	-4.19152e+07 	4.56371e+07 	28800
1701 	32 	1.40608e+07 	1.26703e+07 	5.47099e+06 	1.13562e+08 	-5.31194e+07 	4.92085e+07 	28800
1702 	32 	1.29845e+07 	9.20316e+06 	5.35989e+06 	7.85761e+07 	-3.53939e+07 	3.00596e+07 	28800
1703 	32 	1.35594e+07 	9.1178e+06 	5.48506e+06 	8.53419e+07 	-3.31606e+07 	3.74013e+07 	28800
1704 	32 	1.48553e+07 	1.33934e+07 	4.83584e+06 	1.01671e+08 	-5.25763e+07 	3.59624e+07 	28800
1705 	32 	1.29297e+07 	1.19254e+07 	5.63812e+06 	1.18643e+08 	-4.54952e+07 	6.01075e+07 	28800
1706 	32 	1.36836e+07 	1.36639e+07 	5.30982e+06 	1.31002e+08 	-5.84529e+07 	6.1391e+07 	28800
1707 	32 	1.44508e+07 	1.10661e+07 	4.84705e+06 	9.7358e+07 	-4.43158e+07 	4.05065e+07 	28800
1708 	32 	1.26591e+07 	1.33747e+07 	4.951e+06 	1.05735e+08 	-5.14735e+07 	4.02538e+07 	28800
1709 	32 	1.24902e+07 	1.31434e+07 	5.36418e+06 	9.7491e+07 	-5.0553e+07 	3.16598e+07 	28800
1710 	32 	1.28785e+07 	1.00213e+07 	4.98295e+06 	7.64699e+07 	-3.90229e+07 	2.45643e+07 	28800
1711 	32 	1.49543e+07 	1.15636e+07 	5.62096e+06 	1.0972e+08 	-4.90719e+07 	4.70689e+07 	28800
1712 	32 	1.36128e+07 	9.72351e+06 	5.20802e+06 	8.09171e+07 	-4.09036e+07 	2.88246e+07 	28800
1713 	32 	1.51121e+07 	1.11263e+07 	5.06115e+06 	1.03259e+08 	-4.6975e+07 	4.43907e+07 	28800
1714 	32 	1.28206e+07 	1.30031e+07 	5.09286e+06 	1.07836e+08 	-5.20837e+07 	4.31725e+07 	28800
1715 	32 	1.26672e+07 	1.47622e+07 	4.9119e+06 	1.00161e+08 	-5.82181e+07 	2.96848e+07 	28800
1716 	32 	1.26752e+07 	9.87885e+06 	5.62692e+06 	9.11059e+07 	-3.90562e+07 	3.93063e+07 	28800
1717 	32 	1.37928e+07 	1.17536e+07 	4.94719e+06 	9.16021e+07 	-4.63844e+07 	3.12914e+07 	28800
1718 	32 	1.50029e+07 	1.21197e+07 	4.82988e+06 	1.03873e+08 	-4.88344e+07 	4.34395e+07 	28800
1719 	32 	1.05715e+07 	8.74775e+06 	4.93503e+06 	9.0018e+07 	-3.00919e+07 	4.39397e+07 	28800
1720 	32 	1.32878e+07 	1.27088e+07 	4.85206e+06 	9.88188e+07 	-4.99681e+07 	3.49881e+07 	28800
1721 	32 	1.48755e+07 	1.17279e+07 	5.34797e+06 	1.13927e+08 	-4.77483e+07 	5.01609e+07 	28800
1722 	32 	1.22121e+07 	1.12611e+07 	4.95601e+06 	1.07613e+08 	-4.17913e+07 	5.24667e+07 	28800
1723 	32 	1.47535e+07 	8.66062e+06 	5.18107e+06 	8.81362e+07 	-4.14024e+07 	3.54323e+07 	28800
1724 	32 	1.12874e+07 	1.13869e+07 	5.0261e+06 	1.01435e+08 	-4.17627e+07 	4.65425e+07 	28800
1725 	32 	1.27034e+07 	1.11039e+07 	5.53703e+06 	1.04314e+08 	-4.14785e+07 	4.98625e+07 	28800
1726 	32 	1.63953e+07 	1.13699e+07 	5.20301e+06 	1.01871e+08 	-4.74406e+07 	4.07438e+07 	28800
1727 	32 	1.36788e+07 	9.99187e+06 	4.76098e+06 	1.22431e+08 	-3.9561e+07 	7.05563e+07 	28800
1728 	32 	1.3306e+07 	1.15333e+07 	4.98891e+06 	1.05814e+08 	-4.61451e+07 	4.75175e+07 	28800
1729 	32 	1.33869e+07 	1.08296e+07 	5.36799e+06 	9.55479e+07 	-4.22641e+07 	4.24783e+07 	28800
1730 	32 	1.6905e+07 	9.09302e+06 	5.31411e+06 	1.00709e+08 	-4.39847e+07 	4.59949e+07 	28800
1731 	32 	1.26892e+07 	1.11251e+07 	4.93813e+06 	9.10151e+07 	-4.39049e+07 	3.46414e+07 	28800
1732 	32 	1.3487e+07 	1.00572e+07 	4.9181e+06 	9.7532e+07 	-4.00774e+07 	4.3586e+07 	28800
1733 	32 	1.26682e+07 	1.12081e+07 	4.98104e+06 	1.03695e+08 	-4.25503e+07 	4.71808e+07 	28800
1734 	32 	1.25428e+07 	1.1562e+07 	5.01394e+06 	9.4224e+07 	-5.0738e+07 	3.00161e+07 	28800
1735 	32 	1.29962e+07 	1.12921e+07 	5.37491e+06 	1.11708e+08 	-4.11932e+07 	5.74805e+07 	28800
1736 	32 	1.58149e+07 	1.26619e+07 	5.41115e+06 	1.1978e+08 	-5.31593e+07 	5.55227e+07 	28800
1737 	32 	1.33771e+07 	1.23855e+07 	4.80604e+06 	1.43371e+08 	-4.83896e+07 	8.07289e+07 	28800
1738 	32 	1.42114e+07 	1.11964e+07 	5.23591e+06 	9.08449e+07 	-4.4148e+07 	3.42668e+07 	28800
1739 	32 	1.51923e+07 	1.10399e+07 	5.18918e+06 	1.1071e+08 	-4.33731e+07 	5.37061e+07 	28800
1740 	32 	1.40725e+07 	1.09922e+07 	5.48792e+06 	1.00725e+08 	-4.48951e+07 	4.32968e+07 	28800
1741 	32 	1.17473e+07 	1.03869e+07 	5.38802e+06 	8.99861e+07 	-4.34976e+07 	3.19604e+07 	28800
1742 	32 	1.47903e+07 	1.06496e+07 	4.83418e+06 	1.22533e+08 	-4.51426e+07 	6.51423e+07 	28800
1743 	32 	1.27481e+07 	1.18805e+07 	5.43523e+06 	1.04667e+08 	-4.87439e+07 	4.30177e+07 	28800
1744 	32 	1.27292e+07 	1.2687e+07 	5.24092e+06 	1.1203e+08 	-5.08355e+07 	4.78478e+07 	28800


# Index 9: Results for _remd_allreduce_energies_
1681 	32 	463230 	4.00374e+07 	-2.0271e+10 	2.982e+11 	-1.95332e+10 	2.98937e+11 	28800
1682 	32 	4.28955e+06 	3.4587e+07 	-2.11365e+10 	2.97753e+11 	-2.06018e+10 	2.98288e+11 	28800
1683 	32 	2.22726e+06 	4.35028e+07 	-2.05691e+10 	2.96921e+11 	-1.99291e+10 	2.97561e+11 	28800
1684 	32 	4.02911e+06 	6.77922e+07 	-2.10229e+10 	2.96538e+11 	-2.04694e+10 	2.97092e+11 	28800
1685 	32 	1.77431e+06 	1.49035e+07 	-2.12319e+10 	2.97142e+11 	-2.03952e+10 	2.97979e+11 	28800
1686 	32 	4.2925e+06 	6.09054e+07 	-2.06259e+10 	2.96816e+11 	-2.00262e+10 	2.97415e+11 	28800
1687 	32 	3.90789e+06 	5.46624e+07 	-2.11237e+10 	2.96628e+11 	-2.06102e+10 	2.97142e+11 	28800
1688 	32 	1.03376e+06 	2.25478e+07 	-2.08219e+10 	2.98184e+11 	-2.0021e+10 	2.98985e+11 	28800
1689 	32 	2.97329e+06 	4.71087e+07 	-2.074e+10 	2.96467e+11 	-2.00481e+10 	2.97159e+11 	28800
1690 	32 	3.39412e+06 	7.30298e+07 	-2.04181e+10 	2.96097e+11 	-1.96996e+10 	2.96816e+11 	28800
1691 	32 	2.73187e+06 	5.52512e+07 	-1.99558e+10 	2.96229e+11 	-1.92088e+10 	2.96975e+11 	28800
1692 	32 	2.72157e+06 	4.97768e+07 	-2.10021e+10 	2.96529e+11 	-2.03327e+10 	2.97198e+11 	28800
1693 	32 	2.5719e+06 	4.11645e+07 	-2.01626e+10 	2.96766e+11 	-1.98595e+10 	2.97069e+11 	28800
1694 	32 	5.83803e+06 	6.30581e+07 	-2.05631e+10 	2.96641e+11 	-2.05155e+10 	2.96689e+11 	28800
1695 	32 	2.69127e+06 	2.3476e+07 	-1.97002e+10 	2.98397e+11 	-1.94546e+10 	2.98642e+11 	28800
1696 	32 	4.06479e+06 	4.73651e+07 	-2.04986e+10 	2.98309e+11 	-2.03949e+10 	2.98413e+11 	28800
1697 	32 	6.03678e+06 	7.49973e+07 	-2.10147e+10 	2.96379e+11 	-2.06262e+10 	2.96767e+11 	28800
1698 	32 	4.12328e+06 	5.90573e+07 	-2.1004e+10 	2.9654e+11 	-2.043e+10 	2.97114e+11 	28800
1699 	32 	4.16224e+06 	5.48641e+07 	-2.10682e+10 	2.97908e+11 	-2.06683e+10 	2.98308e+11 	28800
1700 	32 	3.12679e+06 	3.38617e+07 	-2.06903e+10 	2.96491e+11 	-1.99999e+10 	2.97182e+11 	28800
1701 	32 	3.19347e+06 	4.4509e+07 	-2.10227e+10 	2.96658e+11 	-2.03725e+10 	2.97308e+11 	28800
1702 	32 	4.26802e+06 	5.66858e+07 	-2.14615e+10 	2.97742e+11 	-2.07975e+10 	2.98406e+11 	28800
1703 	32 	2.96244e+06 	5.57416e+07 	-2.10363e+10 	2.97994e+11 	-2.04238e+10 	2.98606e+11 	28800
1704 	32 	2.11017e+06 	3.97514e+07 	-2.07181e+10 	2.97802e+11 	-1.98979e+10 	2.98622e+11 	28800
1705 	32 	3.93477e+06 	6.36497e+07 	-2.09822e+10 	2.96739e+11 	-2.0444e+10 	2.97277e+11 	28800
1706 	32 	3.84331e+06 	5.56525e+07 	-2.02347e+10 	2.98294e+11 	-1.99695e+10 	2.98559e+11 	28800
1707 	32 	3.20737e+06 	3.91003e+07 	-2.04268e+10 	2.97307e+11 	-1.99997e+10 	2.97734e+11 	28800
1708 	32 	4.74804e+06 	7.3543e+07 	-2.10956e+10 	2.9636e+11 	-2.04718e+10 	2.96984e+11 	28800
1709 	32 	4.08428e+06 	7.3433e+07 	-2.11552e+10 	2.97868e+11 	-2.05523e+10 	2.98471e+11 	28800
1710 	32 	4.33551e+06 	7.30566e+07 	-2.08918e+10 	2.96554e+11 	-2.04008e+10 	2.97045e+11 	28800
1711 	32 	2.69285e+06 	7.01305e+07 	-2.09123e+10 	2.96424e+11 	-1.99762e+10 	2.9736e+11 	28800
1712 	32 	4.14625e+06 	5.72976e+07 	-2.05074e+10 	2.97076e+11 	-2.03351e+10 	2.97248e+11 	28800
1713 	32 	2.50505e+06 	7.12124e+07 	-2.03695e+10 	2.97035e+11 	-1.9982e+10 	2.97423e+11 	28800
1714 	32 	4.93987e+06 	6.85852e+07 	-2.12254e+10 	2.96553e+11 	-2.05599e+10 	2.97219e+11 	28800
1715 	32 	4.54633e+06 	7.44526e+07 	-2.10326e+10 	2.97257e+11 	-2.03997e+10 	2.9789e+11 	28800
1716 	32 	5.03491e+06 	7.01071e+07 	-2.08154e+10 	2.96887e+11 	-2.05853e+10 	2.97117e+11 	28800
1717 	32 	3.59994e+06 	5.98708e+07 	-2.10312e+10 	2.972e+11 	-2.03022e+10 	2.97929e+11 	28800
1718 	32 	2.07999e+06 	NaNQ 	-2.07395e+10 	2.96729e+11 	-2.00826e+10 	2.97386e+11 	28800
1719 	32 	6.68271e+06 	8.17385e+07 	-2.15026e+10 	2.97471e+11 	-2.10394e+10 	2.97934e+11 	28800
1720 	32 	4.61649e+06 	4.71707e+07 	-2.03988e+10 	2.98191e+11 	-2.02686e+10 	2.98321e+11 	28800
1721 	32 	2.96589e+06 	3.65709e+07 	-2.07401e+10 	2.96457e+11 	-1.99457e+10 	2.97252e+11 	28800
1722 	32 	5.38377e+06 	4.98396e+07 	-2.06753e+10 	2.96507e+11 	-2.01867e+10 	2.96996e+11 	28800
1723 	32 	3.0096e+06 	2.82067e+07 	-2.0461e+10 	2.97703e+11 	-1.96585e+10 	2.98506e+11 	28800
1724 	32 	6.20038e+06 	8.31116e+07 	-2.14287e+10 	2.96586e+11 	-2.10045e+10 	2.9701e+11 	28800
1725 	32 	4.03635e+06 	5.18712e+07 	-2.11234e+10 	2.97747e+11 	-2.05517e+10 	2.98319e+11 	28800
1726 	32 	1.3688e+06 	4.26456e+07 	-2.01582e+10 	2.96498e+11 	-1.92095e+10 	2.97447e+11 	28800
1727 	32 	4.53598e+06 	5.39393e+07 	-1.9854e+10 	2.96899e+11 	-1.96257e+10 	2.97127e+11 	28800
1728 	32 	4.61304e+06 	6.26936e+07 	-2.04884e+10 	2.98241e+11 	-2.03242e+10 	2.98405e+11 	28800
1729 	32 	4.32699e+06 	6.30865e+07 	-2.1078e+10 	2.96436e+11 	-2.03694e+10 	2.97145e+11 	28800
1730 	32 	1.39414e+06 	NaNQ 	-2.05699e+10 	2.9699e+11 	-1.99609e+10 	2.97599e+11 	28800
1731 	32 	4.17164e+06 	6.69248e+07 	-2.11011e+10 	2.96452e+11 	-2.05266e+10 	2.97027e+11 	28800
1732 	32 	5.03397e+06 	6.33381e+07 	-2.05682e+10 	2.9678e+11 	-2.03454e+10 	2.97003e+11 	28800
1733 	32 	5.15215e+06 	7.56151e+07 	-2.09645e+10 	2.96398e+11 	-2.03858e+10 	2.96976e+11 	28800
1734 	32 	5.68623e+06 	6.27674e+07 	-2.08141e+10 	2.96856e+11 	-2.06092e+10 	2.97061e+11 	28800
1735 	32 	5.2831e+06 	6.89519e+07 	-2.04022e+10 	2.9639e+11 	-1.99307e+10 	2.96862e+11 	28800
1736 	32 	2.90495e+06 	6.12158e+07 	-2.0311e+10 	2.96994e+11 	-1.99259e+10 	2.97379e+11 	28800
1737 	32 	4.96694e+06 	7.00419e+07 	-2.09509e+10 	2.96667e+11 	-2.02318e+10 	2.97386e+11 	28800
1738 	32 	4.14743e+06 	5.80462e+07 	-2.0706e+10 	2.96974e+11 	-2.04478e+10 	2.97233e+11 	28800
1739 	32 	2.90179e+06 	4.4248e+07 	-2.01607e+10 	2.97833e+11 	-1.97376e+10 	2.98256e+11 	28800
1740 	32 	4.23249e+06 	4.39405e+07 	-2.08627e+10 	2.96615e+11 	-2.01848e+10 	2.97293e+11 	28800
1741 	32 	5.93962e+06 	6.67484e+07 	-2.12676e+10 	2.96417e+11 	-2.06498e+10 	2.97034e+11 	28800
1742 	32 	3.96259e+06 	4.57423e+07 	-2.10775e+10 	2.96406e+11 	-2.02976e+10 	2.97185e+11 	28800
1743 	32 	6.21972e+06 	7.71812e+07 	-1.98293e+10 	2.97365e+11 	-1.96626e+10 	2.97532e+11 	28800
1744 	32 	6.26512e+06 	7.40536e+07 	-2.152e+10 	2.96495e+11 	-2.09807e+10 	2.97035e+11 	28800


# Index 10: Results for _remd_copy_energies_
1681 	32 	1.19622e+14 	NaNQ 	-7.24689e+14 	3.45888e+18 	-1.08385e+17 	3.35122e+18 	28800
1682 	32 	1.19622e+14 	NaNQ 	-7.24688e+14 	3.45888e+18 	-1.08385e+17 	3.35122e+18 	28800
1683 	32 	1.19622e+14 	NaNQ 	-7.24688e+14 	3.45888e+18 	-1.08385e+17 	3.35122e+18 	28800
1684 	32 	1.19622e+14 	NaNQ 	-7.24688e+14 	3.45888e+18 	-1.08385e+17 	3.35122e+18 	28800
1685 	32 	1.19622e+14 	NaNQ 	-7.24688e+14 	3.45888e+18 	-1.08385e+17 	3.35122e+18 	28800
1686 	32 	1.19622e+14 	NaNQ 	-7.24688e+14 	3.45888e+18 	-1.08385e+17 	3.35122e+18 	28800
1687 	32 	1.19622e+14 	NaNQ 	-7.24688e+14 	3.45888e+18 	-1.08385e+17 	3.35122e+18 	28800
1688 	32 	1.19622e+14 	NaNQ 	-7.24687e+14 	3.45888e+18 	-1.08385e+17 	3.35122e+18 	28800
1689 	32 	1.19622e+14 	NaNQ 	-7.24688e+14 	3.45888e+18 	-1.08385e+17 	3.35122e+18 	28800
1690 	32 	1.19622e+14 	NaNQ 	-7.24688e+14 	3.45888e+18 	-1.08385e+17 	3.35122e+18 	28800
1691 	32 	1.19622e+14 	NaNQ 	-7.24687e+14 	3.45888e+18 	-1.08385e+17 	3.35122e+18 	28800
1692 	32 	1.19622e+14 	NaNQ 	-7.24688e+14 	3.45888e+18 	-1.08385e+17 	3.35122e+18 	28800
1693 	32 	1.19622e+14 	NaNQ 	-7.24688e+14 	3.45888e+18 	-1.08385e+17 	3.35122e+18 	28800
1694 	32 	1.19622e+14 	NaNQ 	-7.24688e+14 	3.45888e+18 	-1.08385e+17 	3.35122e+18 	28800
1695 	32 	1.19622e+14 	NaNQ 	-7.24688e+14 	3.45888e+18 	-1.08385e+17 	3.35122e+18 	28800
1696 	32 	1.19622e+14 	NaNQ 	-7.24688e+14 	3.45888e+18 	-1.08385e+17 	3.35122e+18 	28800
1697 	32 	1.19622e+14 	NaNQ 	-7.24687e+14 	3.45888e+18 	-1.08385e+17 	3.35122e+18 	28800
1698 	32 	1.19622e+14 	NaNQ 	-7.24688e+14 	3.45888e+18 	-1.08385e+17 	3.35122e+18 	28800
1699 	32 	1.19622e+14 	NaNQ 	-7.24688e+14 	3.45888e+18 	-1.08385e+17 	3.35122e+18 	28800
1700 	32 	1.19622e+14 	NaNQ 	-7.24688e+14 	3.45888e+18 	-1.08385e+17 	3.35122e+18 	28800
1701 	32 	1.19622e+14 	NaNQ 	-7.24688e+14 	3.45888e+18 	-1.08385e+17 	3.35122e+18 	28800
1702 	32 	1.19622e+14 	NaNQ 	-7.24688e+14 	3.45888e+18 	-1.08385e+17 	3.35122e+18 	28800
1703 	32 	1.19622e+14 	NaNQ 	-7.24688e+14 	3.45888e+18 	-1.08385e+17 	3.35122e+18 	28800
1704 	32 	1.19622e+14 	NaNQ 	-7.24688e+14 	3.45888e+18 	-1.08385e+17 	3.35122e+18 	28800
1705 	32 	1.19622e+14 	NaNQ 	-7.24688e+14 	3.45888e+18 	-1.08385e+17 	3.35122e+18 	28800
1706 	32 	1.19622e+14 	NaNQ 	-7.24687e+14 	3.45888e+18 	-1.08385e+17 	3.35122e+18 	28800
1707 	32 	1.19622e+14 	NaNQ 	-7.24688e+14 	3.45888e+18 	-1.08385e+17 	3.35122e+18 	28800
1708 	32 	1.19622e+14 	NaNQ 	-7.24688e+14 	3.45888e+18 	-1.08385e+17 	3.35122e+18 	28800
1709 	32 	1.19622e+14 	NaNQ 	-7.24687e+14 	3.45888e+18 	-1.08385e+17 	3.35122e+18 	28800
1710 	32 	1.19622e+14 	NaNQ 	-7.24688e+14 	3.45888e+18 	-1.08385e+17 	3.35122e+18 	28800
1711 	32 	1.19622e+14 	NaNQ 	-7.24688e+14 	3.45888e+18 	-1.08385e+17 	3.35122e+18 	28800
1712 	32 	1.19622e+14 	NaNQ 	-7.24688e+14 	3.45888e+18 	-1.08385e+17 	3.35122e+18 	28800
1713 	32 	1.19622e+14 	NaNQ 	-7.24689e+14 	3.45888e+18 	-1.08385e+17 	3.35122e+18 	28800
1714 	32 	1.19622e+14 	NaNQ 	-7.24688e+14 	3.45888e+18 	-1.08385e+17 	3.35122e+18 	28800
1715 	32 	1.19622e+14 	NaNQ 	-7.24688e+14 	3.45888e+18 	-1.08385e+17 	3.35122e+18 	28800
1716 	32 	1.19622e+14 	NaNQ 	-7.24687e+14 	3.45888e+18 	-1.08385e+17 	3.35122e+18 	28800
1717 	32 	1.19622e+14 	NaNQ 	-7.24687e+14 	3.45888e+18 	-1.08385e+17 	3.35122e+18 	28800
1718 	32 	1.19622e+14 	NaNQ 	-7.24688e+14 	3.45888e+18 	-1.08385e+17 	3.35122e+18 	28800
1719 	32 	1.19622e+14 	NaNQ 	-7.24687e+14 	3.45888e+18 	-1.08385e+17 	3.35122e+18 	28800
1720 	32 	1.19622e+14 	NaNQ 	-7.24688e+14 	3.45888e+18 	-1.08385e+17 	3.35122e+18 	28800
1721 	32 	1.19622e+14 	NaNQ 	-7.24689e+14 	3.45888e+18 	-1.08385e+17 	3.35122e+18 	28800
1722 	32 	1.19622e+14 	NaNQ 	-7.24688e+14 	3.45888e+18 	-1.08385e+17 	3.35122e+18 	28800
1723 	32 	1.19622e+14 	NaNQ 	-7.24688e+14 	3.45888e+18 	-1.08385e+17 	3.35122e+18 	28800
1724 	32 	1.19622e+14 	NaNQ 	-7.24688e+14 	3.45888e+18 	-1.08385e+17 	3.35122e+18 	28800
1725 	32 	1.19622e+14 	NaNQ 	-7.24688e+14 	3.45888e+18 	-1.08385e+17 	3.35122e+18 	28800
1726 	32 	1.19622e+14 	NaNQ 	-7.24688e+14 	3.45888e+18 	-1.08385e+17 	3.35122e+18 	28800
1727 	32 	1.19622e+14 	NaNQ 	-7.24688e+14 	3.45888e+18 	-1.08385e+17 	3.35122e+18 	28800
1728 	32 	1.19622e+14 	NaNQ 	-7.24687e+14 	3.45888e+18 	-1.08385e+17 	3.35122e+18 	28800
1729 	32 	1.19622e+14 	NaNQ 	-7.24687e+14 	3.45888e+18 	-1.08385e+17 	3.35122e+18 	28800
1730 	32 	1.19622e+14 	NaNQ 	-7.24688e+14 	3.45888e+18 	-1.08385e+17 	3.35122e+18 	28800
1731 	32 	1.19622e+14 	NaNQ 	-7.24688e+14 	3.45888e+18 	-1.08385e+17 	3.35122e+18 	28800
1732 	32 	1.19622e+14 	NaNQ 	-7.24687e+14 	3.45888e+18 	-1.08385e+17 	3.35122e+18 	28800
1733 	32 	1.19622e+14 	NaNQ 	-7.24687e+14 	3.45888e+18 	-1.08385e+17 	3.35122e+18 	28800
1734 	32 	1.19622e+14 	NaNQ 	-7.24687e+14 	3.45888e+18 	-1.08385e+17 	3.35122e+18 	28800
1735 	32 	1.19622e+14 	NaNQ 	-7.24688e+14 	3.45888e+18 	-1.08385e+17 	3.35122e+18 	28800
1736 	32 	1.19622e+14 	NaNQ 	-7.24687e+14 	3.45888e+18 	-1.08385e+17 	3.35122e+18 	28800
1737 	32 	1.19622e+14 	NaNQ 	-7.24688e+14 	3.45888e+18 	-1.08385e+17 	3.35122e+18 	28800
1738 	32 	1.19622e+14 	NaNQ 	-7.24688e+14 	3.45888e+18 	-1.08385e+17 	3.35122e+18 	28800
1739 	32 	1.19622e+14 	NaNQ 	-7.24687e+14 	3.45888e+18 	-1.08385e+17 	3.35122e+18 	28800
1740 	32 	1.19622e+14 	NaNQ 	-7.24688e+14 	3.45888e+18 	-1.08385e+17 	3.35122e+18 	28800
1741 	32 	1.19622e+14 	NaNQ 	-7.24687e+14 	3.45888e+18 	-1.08385e+17 	3.35122e+18 	28800
1742 	32 	1.19622e+14 	NaNQ 	-7.24687e+14 	3.45888e+18 	-1.08385e+17 	3.35122e+18 	28800
1743 	32 	1.19622e+14 	NaNQ 	-7.24687e+14 	3.45888e+18 	-1.08385e+17 	3.35122e+18 	28800
1744 	32 	1.19622e+14 	NaNQ 	-7.24687e+14 	3.45888e+18 	-1.08385e+17 	3.35122e+18 	28800


# Index 11: Results for _remd_swapping_step
1681 	32 	190.785 	1903.74 	0 	20981 	-1050.44 	1036.19 	28800
1682 	32 	189.527 	1891.41 	0 	20981 	-1259.16 	1184.62 	28800
1683 	32 	189.873 	1894.51 	0 	22173 	-1043.81 	1341.19 	28800
1684 	32 	189.658 	1892.97 	0 	21220 	-999 	923.531 	28800
1685 	32 	190.106 	1896.92 	0 	20981 	-938.688 	961.062 	28800
1686 	32 	190.438 	1900.14 	0 	20981 	-1214.31 	954.094 	28800
1687 	32 	190.337 	1899.43 	0 	21220 	-1133.25 	968.719 	28800
1688 	32 	190.461 	1900.28 	0 	21220 	-1036.16 	961.344 	28800
1689 	32 	190.743 	1902.92 	0 	20981 	-1005.62 	1289.16 	28800
1690 	32 	191.621 	1911.89 	0 	20981 	-946.25 	1303.19 	28800
1691 	32 	191.33 	1908.76 	0 	20981 	-946.406 	1027.62 	28800
1692 	32 	191.256 	1908 	0 	21219 	-1065.56 	1095.12 	28800
1693 	32 	192.366 	1919.51 	0 	21935 	-1013.19 	1043.44 	28800
1694 	32 	191.381 	1909.68 	0 	20981 	-1282.06 	953.312 	28800
1695 	32 	191.413 	1909.39 	0 	21220 	-1162.03 	1154.94 	28800
1696 	32 	191.48 	1910.5 	0 	21219 	-1110.5 	1035.5 	28800
1697 	32 	191.728 	1912.79 	0 	20981 	-1125.47 	1020.53 	28800
1698 	32 	191.596 	1911.81 	0 	21219 	-1148.09 	887.25 	28800
1699 	32 	191.132 	1907.16 	0 	21219 	-1103.22 	1043.78 	28800
1700 	32 	191.678 	1912.29 	0 	21934 	-1341.12 	1147.81 	28800
1701 	32 	191.604 	1911.98 	0 	20981 	-1066.28 	953.688 	28800
1702 	32 	191.505 	1910.7 	0 	21219 	-1125.66 	1035.44 	28800
1703 	32 	191.753 	1912.8 	0 	21934 	-1200 	1079.56 	28800
1704 	32 	190.436 	1900.29 	0 	20981 	-1073.47 	1073.53 	28800
1705 	32 	190.851 	1904.24 	0 	21219 	-938.5 	878.781 	28800
1706 	32 	190.909 	1904.97 	0 	21935 	-990.906 	1087.66 	28800
1707 	32 	191.049 	1906.14 	0 	21219 	-991.625 	1154.38 	28800
1708 	32 	191.133 	1907.07 	0 	21219 	-1102.34 	1036.28 	28800
1709 	32 	190.835 	1904.39 	0 	22173 	-1028.12 	1132.53 	28800
1710 	32 	190.975 	1905.41 	0 	21934 	-1087.94 	1058.06 	28800
1711 	32 	191.422 	1910.3 	0 	21219 	-1371.59 	1371 	28800
1712 	32 	191.149 	1907.38 	0 	21219 	-1170.06 	1207.12 	28800
1713 	32 	191.174 	1907.39 	0 	20981 	-1065.25 	1125.19 	28800
1714 	32 	191.687 	1912.52 	0 	20981 	-983.625 	991.125 	28800
1715 	32 	190.942 	1905.21 	0 	22173 	-1139.94 	1244.06 	28800
1716 	32 	190.238 	1898.41 	0 	21935 	-1311.28 	1050.19 	28800
1717 	32 	190.785 	1903.6 	0 	21220 	-1095.09 	1191.44 	28800
1718 	32 	191.472 	1910.62 	0 	20981 	-1057.84 	1125.31 	28800
1719 	32 	190.428 	1900.5 	0 	21220 	-1065.19 	991.094 	28800
1720 	32 	191.132 	1907.02 	0 	22173 	-1244.09 	1139.91 	28800
1721 	32 	191.315 	1908.8 	0 	21220 	-961.156 	1080.12 	28800
1722 	32 	191.273 	1908.81 	0 	21220 	-1132.53 	1109.62 	28800
1723 	32 	190.785 	1903.65 	0 	21220 	-1132.47 	1184.84 	28800
1724 	32 	190.885 	1904.28 	0 	21219 	-1125 	1057.91 	28800
1725 	32 	190.942 	1905.21 	0 	21220 	-953.625 	1013.16 	28800
1726 	32 	191.124 	1907.28 	0 	21220 	-1177.34 	1265.97 	28800
1727 	32 	190.595 	1901.64 	0 	21219 	-998.531 	938.719 	28800
1728 	32 	190.951 	1905.35 	0 	21219 	-1050.38 	975.969 	28800
1729 	32 	190.603 	1902.14 	0 	21935 	-1117.38 	1028.62 	28800
1730 	32 	190.686 	1903.01 	0 	21220 	-1110.06 	1035.94 	28800
1731 	32 	190.255 	1898.44 	0 	21219 	-983.438 	1087.56 	28800
1732 	32 	190.876 	1904.4 	0 	21219 	-1020.78 	1297.06 	28800
1733 	32 	190.487 	1900.85 	0 	20981 	-1050.38 	968.719 	28800
1734 	32 	190.454 	1900.47 	0 	21220 	-1124.69 	1080.44 	28800
1735 	32 	191.687 	1913.31 	0 	22173 	-991.156 	1154.84 	28800
1736 	32 	190.222 	1898 	0 	21219 	-1252.25 	893.938 	28800
1737 	32 	190.926 	1905.26 	0 	20981 	-1013.62 	1162.03 	28800
1738 	32 	191.191 	1907.48 	0 	21220 	-1080.09 	1064.91 	28800
1739 	32 	190.105 	1896.4 	0 	21219 	-1057.88 	1169.41 	28800
1740 	32 	190.47 	1900.46 	0 	21219 	-1072.69 	1147.44 	28800
1741 	32 	191.265 	1909 	0 	21935 	-894.312 	1013.69 	28800
1742 	32 	191.332 	1909.13 	0 	21220 	-1154.75 	1131.62 	28800
1743 	32 	190.669 	1902.46 	0 	21219 	-1012.88 	1200.09 	28800
1744 	32 	190.668 	1902.49 	0 	22173 	-1132.34 	1251.66 	28800
