# Statistics for grouped trace points from trace_group_id 112
# column 1: trace set id
# column 2: node count
# column 3: average
# column 4: std. dev
# column 5: min()
# column 6: max()
# column 7: minDev (deviation from average value computed for each ts)
# column 8: maxDev (deviation from average value computed for each ts)
# column 9: count()


# Index 0: Results for GlobalizePositions_Cntl
989 	32 	5.37322e+06 	1.14323e+06 	4.753e+06 	1.102e+07 	-1.24109e+06 	438220 	25600
990 	32 	5.37154e+06 	1.14546e+06 	4.748e+06 	1.1114e+07 	-1.22166e+06 	340999 	25600
991 	32 	5.37269e+06 	1.14764e+06 	4.709e+06 	1.1178e+07 	-1.18916e+06 	371187 	25600
992 	32 	5.37492e+06 	1.15001e+06 	4.748e+06 	1.1293e+07 	-1.28897e+06 	395125 	25600
993 	32 	5.37621e+06 	1.15741e+06 	4.742e+06 	1.115e+07 	-1.24475e+06 	370344 	25600
994 	32 	5.37231e+06 	1.14631e+06 	4.741e+06 	1.105e+07 	-1.28825e+06 	412438 	25600
995 	32 	5.37272e+06 	1.14487e+06 	4.736e+06 	1.0987e+07 	-1.35259e+06 	518969 	25600
996 	32 	5.37316e+06 	1.14693e+06 	4.734e+06 	1.1047e+07 	-1.14556e+06 	405812 	25600
997 	32 	5.37392e+06 	1.14645e+06 	4.712e+06 	1.112e+07 	-1.25672e+06 	389843 	25600
998 	32 	5.3714e+06 	1.14394e+06 	4.689e+06 	1.1125e+07 	-1.37128e+06 	379750 	25600
999 	32 	5.3745e+06 	1.15299e+06 	4.737e+06 	1.107e+07 	-1.15706e+06 	393124 	25600
1000 	32 	5.37251e+06 	1.14252e+06 	4.75e+06 	1.1088e+07 	-1.15366e+06 	463156 	25600
1001 	32 	5.37533e+06 	1.14651e+06 	4.745e+06 	1.1063e+07 	-1.30103e+06 	430563 	25600
1002 	32 	5.37094e+06 	1.14069e+06 	4.721e+06 	1.1115e+07 	-1.31766e+06 	385062 	25600
1003 	32 	5.37626e+06 	1.15724e+06 	4.72e+06 	1.1032e+07 	-1.26944e+06 	387876 	25600
1004 	32 	5.37191e+06 	1.14377e+06 	4.754e+06 	1.1001e+07 	-1.26844e+06 	353563 	25600


# Index 1: Results for P2_InitialBarrier
989 	32 	0 	0 	0 	0 	0 	0 	25600
990 	32 	0 	0 	0 	0 	0 	0 	25600
991 	32 	0 	0 	0 	0 	0 	0 	25600
992 	32 	0 	0 	0 	0 	0 	0 	25600
993 	32 	0 	0 	0 	0 	0 	0 	25600
994 	32 	0 	0 	0 	0 	0 	0 	25600
995 	32 	0 	0 	0 	0 	0 	0 	25600
996 	32 	0 	0 	0 	0 	0 	0 	25600
997 	32 	0 	0 	0 	0 	0 	0 	25600
998 	32 	0 	0 	0 	0 	0 	0 	25600
999 	32 	0 	0 	0 	0 	0 	0 	25600
1000 	32 	0 	0 	0 	0 	0 	0 	25600
1001 	32 	0 	0 	0 	0 	0 	0 	25600
1002 	32 	0 	0 	0 	0 	0 	0 	25600
1003 	32 	0 	0 	0 	0 	0 	0 	25600
1004 	32 	0 	0 	0 	0 	0 	0 	25600


# Index 2: Results for P2_KSpace_Control
989 	32 	1.28676e+08 	1.38592e+06 	1.2726e+08 	1.34983e+08 	-1.29573e+07 	3.30013e+06 	25600
990 	32 	1.28662e+08 	1.38473e+06 	1.271e+08 	1.34767e+08 	-1.29496e+07 	3.08341e+06 	25600
991 	32 	1.28667e+08 	1.37024e+06 	1.27082e+08 	1.34224e+08 	-1.30197e+07 	3.18631e+06 	25600
992 	32 	1.28669e+08 	1.38811e+06 	1.27266e+08 	1.34284e+08 	-1.29681e+07 	3.33331e+06 	25600
993 	32 	1.28655e+08 	1.39082e+06 	1.27175e+08 	1.34283e+08 	-1.2923e+07 	3.05941e+06 	25600
994 	32 	1.28632e+08 	1.38184e+06 	1.27046e+08 	1.34132e+08 	-1.29213e+07 	3.02822e+06 	25600
995 	32 	1.28633e+08 	1.38471e+06 	1.27188e+08 	1.34401e+08 	-1.29483e+07 	3.08987e+06 	25600
996 	32 	1.28651e+08 	1.39592e+06 	1.27254e+08 	1.34169e+08 	-1.2997e+07 	3.10509e+06 	25600
997 	32 	1.28673e+08 	1.36451e+06 	1.27228e+08 	1.34013e+08 	-1.30069e+07 	3.11325e+06 	25600
998 	32 	1.28636e+08 	1.3875e+06 	1.27164e+08 	1.3429e+08 	-1.2957e+07 	3.09678e+06 	25600
999 	32 	1.2864e+08 	1.36769e+06 	1.27157e+08 	1.34006e+08 	-1.29423e+07 	3.25756e+06 	25600
1000 	32 	1.28656e+08 	1.39715e+06 	1.27179e+08 	1.34201e+08 	-1.29662e+07 	3.29634e+06 	25600
1001 	32 	1.28656e+08 	1.37717e+06 	1.27111e+08 	1.34145e+08 	-1.2987e+07 	3.13697e+06 	25600
1002 	32 	1.28649e+08 	1.38542e+06 	1.27197e+08 	1.34352e+08 	-1.30333e+07 	3.06697e+06 	25600
1003 	32 	1.28625e+08 	1.38226e+06 	1.27151e+08 	1.34329e+08 	-1.29713e+07 	3.14922e+06 	25600
1004 	32 	1.28645e+08 	1.38435e+06 	1.2707e+08 	1.34326e+08 	-1.29196e+07 	3.23175e+06 	25600


# Index 3: Results for P2_Simtick_Loop_Control
989 	32 	2.03412e+08 	9.79156e+07 	1.76436e+08 	6.47913e+08 	-1.18753e+06 	1.14016e+06 	25600
990 	32 	2.03412e+08 	9.79214e+07 	1.76406e+08 	6.47937e+08 	-1.07753e+06 	1.06078e+06 	25600
991 	32 	2.03411e+08 	9.79258e+07 	1.76482e+08 	6.47782e+08 	-1.13044e+06 	1.09438e+06 	25600
992 	32 	2.03409e+08 	9.79188e+07 	1.76445e+08 	6.47932e+08 	-1.01153e+06 	1.04484e+06 	25600
993 	32 	2.03411e+08 	9.79423e+07 	1.7644e+08 	6.47938e+08 	-1.04794e+06 	1.01825e+06 	25600
994 	32 	2.03413e+08 	9.79524e+07 	1.76412e+08 	6.47281e+08 	-1.06309e+06 	1.08788e+06 	25600
995 	32 	2.0341e+08 	9.79363e+07 	1.76454e+08 	6.47462e+08 	-1.04981e+06 	1.04444e+06 	25600
996 	32 	2.03413e+08 	9.79259e+07 	1.76459e+08 	6.47524e+08 	-1.00803e+06 	1.07591e+06 	25600
997 	32 	2.03412e+08 	9.79226e+07 	1.76389e+08 	6.47381e+08 	-1.17916e+06 	1.06022e+06 	25600
998 	32 	2.03411e+08 	9.79437e+07 	1.76507e+08 	6.47634e+08 	-1.04234e+06 	1.07259e+06 	25600
999 	32 	2.03411e+08 	9.79513e+07 	1.76435e+08 	6.47587e+08 	-1.11775e+06 	1.106e+06 	25600
1000 	32 	2.03408e+08 	9.79272e+07 	1.76373e+08 	6.47844e+08 	-1.12028e+06 	1.12309e+06 	25600
1001 	32 	2.03404e+08 	9.7914e+07 	1.76396e+08 	6.47886e+08 	-1.04375e+06 	1.11734e+06 	25600
1002 	32 	2.0341e+08 	9.79191e+07 	1.76387e+08 	6.47858e+08 	-1.10994e+06 	1.13447e+06 	25600
1003 	32 	2.0341e+08 	9.79449e+07 	1.765e+08 	6.47752e+08 	-1.13237e+06 	1.09378e+06 	25600
1004 	32 	2.03413e+08 	9.79311e+07 	1.76442e+08 	6.47409e+08 	-1.03416e+06 	1.01728e+06 	25600


# Index 4: Results for P3ME_ForwardFFT_Control
989 	32 	4.02881e+07 	1.35961e+06 	3.7836e+07 	4.2912e+07 	-2.25184e+06 	2.37234e+06 	25600
990 	32 	4.02779e+07 	1.35739e+06 	3.7837e+07 	4.3219e+07 	-2.28941e+06 	2.31959e+06 	25600
991 	32 	4.02799e+07 	1.35749e+06 	3.7856e+07 	4.3027e+07 	-2.30669e+06 	2.19331e+06 	25600
992 	32 	4.02834e+07 	1.36052e+06 	3.7862e+07 	4.3067e+07 	-2.258e+06 	2.28131e+06 	25600
993 	32 	4.02793e+07 	1.35952e+06 	3.7883e+07 	4.3024e+07 	-2.29872e+06 	2.19722e+06 	25600
994 	32 	4.0267e+07 	1.35601e+06 	3.785e+07 	4.2993e+07 	-2.31903e+06 	2.2305e+06 	25600
995 	32 	4.0267e+07 	1.35329e+06 	3.7924e+07 	4.3091e+07 	-2.27291e+06 	2.25284e+06 	25600
996 	32 	4.02787e+07 	1.35965e+06 	3.7848e+07 	4.3376e+07 	-2.29316e+06 	2.11916e+06 	25600
997 	32 	4.02976e+07 	1.3628e+06 	3.7886e+07 	4.3249e+07 	-2.3375e+06 	2.2855e+06 	25600
998 	32 	4.02808e+07 	1.36134e+06 	3.7879e+07 	4.3053e+07 	-2.25219e+06 	2.2775e+06 	25600
999 	32 	4.0278e+07 	1.3587e+06 	3.7857e+07 	4.3377e+07 	-2.39222e+06 	2.35278e+06 	25600
1000 	32 	4.02779e+07 	1.35923e+06 	3.7861e+07 	4.3106e+07 	-2.27944e+06 	2.34456e+06 	25600
1001 	32 	4.02842e+07 	1.36447e+06 	3.7867e+07 	4.3038e+07 	-2.33397e+06 	2.24644e+06 	25600
1002 	32 	4.0282e+07 	1.36534e+06 	3.7882e+07 	4.2996e+07 	-2.31012e+06 	2.21256e+06 	25600
1003 	32 	4.0267e+07 	1.35771e+06 	3.7851e+07 	4.3046e+07 	-2.21259e+06 	2.21044e+06 	25600
1004 	32 	4.02721e+07 	1.35684e+06 	3.7859e+07 	4.2985e+07 	-2.22488e+06 	2.15688e+06 	25600


# Index 5: Results for P3ME_Rev_FFT
989 	32 	4.59649e+07 	1.33886e+06 	4.3989e+07 	4.8714e+07 	-2.37072e+06 	2.11569e+06 	25600
990 	32 	4.59606e+07 	1.33799e+06 	4.405e+07 	4.8439e+07 	-2.00469e+06 	2.09212e+06 	25600
991 	32 	4.59652e+07 	1.33677e+06 	4.4022e+07 	4.8688e+07 	-2.04519e+06 	2.12638e+06 	25600
992 	32 	4.59652e+07 	1.34061e+06 	4.4057e+07 	4.8419e+07 	-2.15222e+06 	2.08631e+06 	25600
993 	32 	4.59548e+07 	1.33757e+06 	4.4061e+07 	4.8389e+07 	-2.08925e+06 	2.12253e+06 	25600
994 	32 	4.59446e+07 	1.33487e+06 	4.4022e+07 	4.88e+07 	-2.13263e+06 	2.18469e+06 	25600
995 	32 	4.59441e+07 	1.33477e+06 	4.4027e+07 	4.8366e+07 	-1.99359e+06 	2.07369e+06 	25600
996 	32 	4.59522e+07 	1.33656e+06 	4.4058e+07 	4.8192e+07 	-1.99997e+06 	2.07447e+06 	25600
997 	32 	4.59622e+07 	1.33564e+06 	4.4017e+07 	4.8644e+07 	-2.07525e+06 	2.21003e+06 	25600
998 	32 	4.5941e+07 	1.33014e+06 	4.4067e+07 	4.834e+07 	-2.04106e+06 	2.04469e+06 	25600
999 	32 	4.59396e+07 	1.33931e+06 	4.4039e+07 	4.8422e+07 	-2.06597e+06 	2.08197e+06 	25600
1000 	32 	4.59597e+07 	1.33711e+06 	4.4031e+07 	4.8279e+07 	-2.16131e+06 	2.17362e+06 	25600
1001 	32 	4.59682e+07 	1.32523e+06 	4.403e+07 	4.8428e+07 	-2.0355e+06 	2.13472e+06 	25600
1002 	32 	4.59624e+07 	1.32589e+06 	4.3978e+07 	4.8349e+07 	-2.09391e+06 	2.03253e+06 	25600
1003 	32 	4.59458e+07 	1.32674e+06 	4.4036e+07 	4.8297e+07 	-2.08509e+06 	2.0295e+06 	25600
1004 	32 	4.59519e+07 	1.33567e+06 	4.4043e+07 	4.8646e+07 	-2.02691e+06 	2.158e+06 	25600


# Index 6: Results for RealSpaceAddForces
989 	32 	4.1152e+06 	1.8412e+06 	3.258e+06 	1.2643e+07 	-428968 	257249 	25600
990 	32 	4.11517e+06 	1.84122e+06 	3.257e+06 	1.2642e+07 	-430563 	257282 	25600
991 	32 	4.11518e+06 	1.84122e+06 	3.257e+06 	1.2642e+07 	-429125 	258187 	25600
992 	32 	4.11518e+06 	1.84121e+06 	3.258e+06 	1.2642e+07 	-429250 	257532 	25600
993 	32 	4.11517e+06 	1.84122e+06 	3.258e+06 	1.2642e+07 	-429094 	258001 	25600
994 	32 	4.11513e+06 	1.84122e+06 	3.257e+06 	1.2641e+07 	-428938 	257344 	25600
995 	32 	4.11512e+06 	1.84122e+06 	3.257e+06 	1.2643e+07 	-428937 	257406 	25600
996 	32 	4.11517e+06 	1.84122e+06 	3.257e+06 	1.2643e+07 	-429187 	258093 	25600
997 	32 	4.11523e+06 	1.84126e+06 	3.257e+06 	1.2643e+07 	-429562 	257344 	25600
998 	32 	4.11495e+06 	1.84127e+06 	3.257e+06 	1.2643e+07 	-428750 	257562 	25600
999 	32 	4.11515e+06 	1.84122e+06 	3.258e+06 	1.2644e+07 	-429375 	258469 	25600
1000 	32 	4.11517e+06 	1.84122e+06 	3.257e+06 	1.2645e+07 	-428562 	258156 	25600
1001 	32 	4.11501e+06 	1.8413e+06 	3.257e+06 	1.2642e+07 	-430564 	257469 	25600
1002 	32 	4.115e+06 	1.8413e+06 	3.257e+06 	1.2643e+07 	-428844 	258436 	25600
1003 	32 	4.11494e+06 	1.84128e+06 	3.257e+06 	1.2644e+07 	-428719 	257688 	25600
1004 	32 	4.11515e+06 	1.84121e+06 	3.257e+06 	1.2642e+07 	-428814 	257625 	25600


# Index 7: Results for RealSpaceDualCore
989 	32 	4.12072e+07 	8.3224e+07 	1.6835e+07 	4.6626e+08 	-6.9617e+07 	5.04823e+07 	25600
990 	32 	4.12143e+07 	8.32212e+07 	1.687e+07 	4.66512e+08 	-6.98729e+07 	5.03721e+07 	25600
991 	32 	4.12118e+07 	8.32234e+07 	1.6821e+07 	4.66484e+08 	-6.94977e+07 	5.03588e+07 	25600
992 	32 	4.12105e+07 	8.32222e+07 	1.6852e+07 	4.66546e+08 	-6.94323e+07 	5.03674e+07 	25600
993 	32 	4.12176e+07 	8.32264e+07 	1.685e+07 	4.66397e+08 	-6.94533e+07 	5.05455e+07 	25600
994 	32 	4.12297e+07 	8.32288e+07 	1.7025e+07 	4.66189e+08 	-6.95369e+07 	5.03746e+07 	25600
995 	32 	4.12287e+07 	8.32191e+07 	1.687e+07 	4.66262e+08 	-7.02908e+07 	5.04524e+07 	25600
996 	32 	4.12195e+07 	8.32236e+07 	1.6873e+07 	4.66045e+08 	-6.96122e+07 	5.03153e+07 	25600
997 	32 	4.12093e+07 	8.32321e+07 	1.6697e+07 	4.66365e+08 	-6.9962e+07 	5.03013e+07 	25600
998 	32 	4.12268e+07 	8.32249e+07 	1.684e+07 	4.66128e+08 	-6.96343e+07 	5.03963e+07 	25600
999 	32 	4.12273e+07 	8.3241e+07 	1.6943e+07 	4.66135e+08 	-6.97647e+07 	5.04058e+07 	25600
1000 	32 	4.12174e+07 	8.32211e+07 	1.6913e+07 	4.66536e+08 	-6.96936e+07 	5.05158e+07 	25600
1001 	32 	4.12165e+07 	8.32292e+07 	1.6855e+07 	4.66541e+08 	-6.97213e+07 	5.03853e+07 	25600
1002 	32 	4.122e+07 	8.32281e+07 	1.6852e+07 	4.66186e+08 	-6.98333e+07 	5.01488e+07 	25600
1003 	32 	4.12325e+07 	8.32225e+07 	1.6835e+07 	4.6634e+08 	-6.95836e+07 	5.01697e+07 	25600
1004 	32 	4.12228e+07 	8.32249e+07 	1.6733e+07 	4.66276e+08 	-6.9709e+07 	5.03037e+07 	25600


# Index 8: Results for ReduceForces_Cntl
989 	32 	1.28298e+07 	1.06523e+07 	3.196e+06 	1.17935e+08 	-4.95468e+07 	6.23589e+07 	25600
990 	32 	1.28272e+07 	1.06428e+07 	3.294e+06 	1.17367e+08 	-4.96691e+07 	6.27887e+07 	25600
991 	32 	1.28327e+07 	1.06586e+07 	3.316e+06 	1.1778e+08 	-4.94862e+07 	6.26334e+07 	25600
992 	32 	1.28289e+07 	1.06461e+07 	3.263e+06 	1.17344e+08 	-4.94621e+07 	6.22723e+07 	25600
993 	32 	1.28379e+07 	1.06653e+07 	3.243e+06 	1.17916e+08 	-4.96318e+07 	6.24387e+07 	25600
994 	32 	1.28356e+07 	1.06606e+07 	3.292e+06 	1.18246e+08 	-4.97414e+07 	6.25305e+07 	25600
995 	32 	1.28326e+07 	1.06501e+07 	3.249e+06 	1.17569e+08 	-4.96312e+07 	6.309e+07 	25600
996 	32 	1.28352e+07 	1.06488e+07 	3.328e+06 	1.18696e+08 	-4.97943e+07 	6.23604e+07 	25600
997 	32 	1.28244e+07 	1.06521e+07 	3.236e+06 	1.17726e+08 	-4.94113e+07 	6.27909e+07 	25600
998 	32 	1.28252e+07 	1.06477e+07 	3.24e+06 	1.18167e+08 	-4.97001e+07 	6.24076e+07 	25600
999 	32 	1.28267e+07 	1.06575e+07 	3.222e+06 	1.18138e+08 	-4.95579e+07 	6.23459e+07 	25600
1000 	32 	1.28308e+07 	1.06565e+07 	3.297e+06 	1.17875e+08 	-4.97582e+07 	6.28362e+07 	25600
1001 	32 	1.28349e+07 	1.06533e+07 	3.23e+06 	1.17726e+08 	-4.9592e+07 	6.21779e+07 	25600
1002 	32 	1.28311e+07 	1.06442e+07 	3.307e+06 	1.17491e+08 	-4.92704e+07 	6.24991e+07 	25600
1003 	32 	1.28354e+07 	1.0645e+07 	3.28e+06 	1.17485e+08 	-4.95119e+07 	6.20619e+07 	25600
1004 	32 	1.28355e+07 	1.06548e+07 	3.256e+06 	1.17616e+08 	-4.95854e+07 	6.26244e+07 	25600


# Index 9: Results for _remd_allreduce_energies_
989 	32 	20586.9 	249392 	0 	5.025e+06 	-1.7463e+10 	2.7408e+11 	25600
990 	32 	33814.7 	372938 	0 	5.662e+06 	-1.74676e+10 	2.74088e+11 	25600
991 	32 	20511.8 	235867 	0 	4.014e+06 	-1.74645e+10 	2.74081e+11 	25600
992 	32 	22404.1 	257327 	0 	3.585e+06 	-1.74633e+10 	2.74082e+11 	25600
993 	32 	17091.2 	194897 	0 	3.131e+06 	-1.7463e+10 	2.74089e+11 	25600
994 	32 	36855.5 	393810 	0 	5.67e+06 	-1.74687e+10 	2.74083e+11 	25600
995 	32 	39011.4 	399859 	0 	5.286e+06 	-1.74716e+10 	2.74085e+11 	25600
996 	32 	28859.1 	313299 	0 	4.988e+06 	-1.74674e+10 	2.74085e+11 	25600
997 	32 	25192.9 	261553 	0 	4.259e+06 	-1.74609e+10 	2.74081e+11 	25600
998 	32 	45229.3 	454930 	0 	5.575e+06 	-1.74676e+10 	2.74086e+11 	25600
999 	32 	37384.6 	400906 	0 	5.867e+06 	-1.74686e+10 	2.74093e+11 	25600
1000 	32 	25489 	289689 	0 	4.497e+06 	-1.74634e+10 	2.74081e+11 	25600
1001 	32 	14400.9 	176142 	0 	2.964e+06 	-1.74595e+10 	2.74086e+11 	25600
1002 	32 	33282.4 	345738 	0 	5.255e+06 	-1.74674e+10 	2.74084e+11 	25600
1003 	32 	37555.9 	401702 	0 	6.227e+06 	-1.74684e+10 	2.7408e+11 	25600
1004 	32 	32307.7 	329379 	0 	4.149e+06 	-1.74647e+10 	2.74081e+11 	25600


# Index 10: Results for _remd_copy_energies_
989 	32 	74.2196 	740.139 	0 	8001 	-1.08114e+17 	3.35149e+18 	25600
990 	32 	73.9846 	737.778 	0 	8001 	-1.08114e+17 	3.35149e+18 	25600
991 	32 	73.6335 	734.235 	0 	8000 	-1.08114e+17 	3.35149e+18 	25600
992 	32 	72.8128 	725.886 	0 	8000 	-1.08114e+17 	3.35149e+18 	25600
993 	32 	73.5941 	733.836 	0 	8001 	-1.08114e+17 	3.35149e+18 	25600
994 	32 	74.5318 	743.265 	0 	8000 	-1.08114e+17 	3.35149e+18 	25600
995 	32 	74.1793 	739.736 	0 	8000 	-1.08114e+17 	3.35149e+18 	25600
996 	32 	74.3759 	741.706 	0 	8001 	-1.08114e+17 	3.35149e+18 	25600
997 	32 	72.2263 	719.86 	0 	8001 	-1.08114e+17 	3.35149e+18 	25600
998 	32 	71.5614 	712.967 	0 	8001 	-1.08114e+17 	3.35149e+18 	25600
999 	32 	72.4213 	721.869 	0 	8001 	-1.08114e+17 	3.35149e+18 	25600
1000 	32 	72.0313 	717.845 	0 	8001 	-1.08114e+17 	3.35149e+18 	25600
1001 	32 	74.0631 	738.568 	0 	8001 	-1.08114e+17 	3.35149e+18 	25600
1002 	32 	74.1016 	738.955 	0 	8001 	-1.08114e+17 	3.35149e+18 	25600
1003 	32 	73.5938 	733.834 	0 	8001 	-1.08114e+17 	3.35149e+18 	25600
1004 	32 	74.1013 	738.952 	0 	8001 	-1.08114e+17 	3.35149e+18 	25600


# Index 11: Results for _remd_swapping_step
989 	32 	118.36 	1179.13 	0 	13001 	-688.438 	968.312 	25600
990 	32 	119.453 	1190.16 	0 	13001 	-719.781 	907.281 	25600
991 	32 	119.336 	1188.81 	0 	13001 	-750.875 	938.5 	25600
992 	32 	119.804 	1193.06 	0 	13001 	-875.875 	907.281 	25600
993 	32 	119.219 	1187.49 	0 	13001 	-719.656 	968.25 	25600
994 	32 	118.711 	1182.65 	0 	13001 	-969.094 	813.438 	25600
995 	32 	117.891 	1174.17 	0 	13001 	-968.594 	969.719 	25600
996 	32 	118.086 	1176.42 	0 	13001 	-657.219 	969.719 	25600
997 	32 	118.906 	1184.29 	0 	13001 	-782.094 	969.719 	25600
998 	32 	119.687 	1191.84 	0 	13001 	-1062.56 	937.438 	25600
999 	32 	119.219 	1187.42 	0 	13001 	-782.344 	937.688 	25600
1000 	32 	119.648 	1191.41 	0 	13001 	-844.844 	906.344 	25600
1001 	32 	118.164 	1177.04 	0 	13001 	-657.031 	937.312 	25600
1002 	32 	117.93 	1174.74 	0 	13001 	-969.344 	907.156 	25600
1003 	32 	118.906 	1184.13 	0 	13001 	-844.781 	967.781 	25600
1004 	32 	118.32 	1178.61 	0 	13001 	-968.781 	876.062 	25600
