# Statistics for grouped trace points from trace_group_id 126
# column 1: trace set id
# column 2: node count
# column 3: average
# column 4: std. dev
# column 5: min()
# column 6: max()
# column 7: minDev (deviation from average value computed for each ts)
# column 8: maxDev (deviation from average value computed for each ts)
# column 9: count()


# Index 0: Results for GlobalizePositions_Cntl
1299 	64 	3.42326e+06 	1.09741e+06 	2.89583e+06 	9.0332e+06 	-984479 	467494 	64000
1300 	64 	3.42325e+06 	1.09733e+06 	2.89392e+06 	9.23181e+06 	-1.09796e+06 	604227 	64000
1301 	64 	3.42538e+06 	1.10047e+06 	2.89011e+06 	8.9848e+06 	-1.11092e+06 	475537 	64000
1302 	64 	3.4242e+06 	1.09686e+06 	2.86603e+06 	9.00292e+06 	-1.07243e+06 	463754 	64000
1303 	64 	3.42245e+06 	1.09586e+06 	2.8851e+06 	9.07397e+06 	-1.03222e+06 	458125 	64000
1304 	64 	3.42215e+06 	1.09195e+06 	2.88796e+06 	9.04489e+06 	-1.10745e+06 	449922 	64000
1305 	64 	3.425e+06 	1.09784e+06 	2.9099e+06 	9.32598e+06 	-1.0635e+06 	635013 	64000
1306 	64 	3.42538e+06 	1.10094e+06 	2.89607e+06 	9.05108e+06 	-1.2393e+06 	481843 	64000
1307 	64 	3.42574e+06 	1.09748e+06 	2.90513e+06 	9.00388e+06 	-1.2893e+06 	594813 	64000
1308 	64 	3.42387e+06 	1.09912e+06 	2.90513e+06 	9.08995e+06 	-1.13128e+06 	551738 	64000
1309 	64 	3.42584e+06 	1.09535e+06 	2.88486e+06 	9.14812e+06 	-1.34913e+06 	525091 	64000
1310 	64 	3.42732e+06 	1.10117e+06 	2.90203e+06 	8.95596e+06 	-1.09575e+06 	467160 	64000
1311 	64 	3.42759e+06 	1.09959e+06 	2.90012e+06 	9.29689e+06 	-1.15755e+06 	641506 	64000
1312 	64 	3.42576e+06 	1.09629e+06 	2.90298e+06 	8.92115e+06 	-1.03429e+06 	613894 	64000
1313 	64 	3.42685e+06 	1.10372e+06 	2.90799e+06 	9.03797e+06 	-1.07023e+06 	516542 	64000
1314 	64 	3.42574e+06 	1.09778e+06 	2.89202e+06 	8.97598e+06 	-1.20253e+06 	442895 	64000
1315 	64 	3.43511e+06 	1.11527e+06 	2.90108e+06 	9.30405e+06 	-1.13087e+06 	575222 	64000
1316 	64 	3.43522e+06 	1.11374e+06 	2.88105e+06 	9.14216e+06 	-1.15972e+06 	543833 	64000
1317 	64 	3.43387e+06 	1.10897e+06 	2.90108e+06 	9.20606e+06 	-1.06863e+06 	563771 	64000
1318 	64 	3.43203e+06 	1.10477e+06 	2.87604e+06 	9.11903e+06 	-1.31513e+06 	544999 	64000
1319 	64 	3.4363e+06 	1.11475e+06 	2.90608e+06 	9.38988e+06 	-1.28517e+06 	630233 	64000
1320 	64 	3.4363e+06 	1.11463e+06 	2.90418e+06 	9.18198e+06 	-1.01622e+06 	558604 	64000
1321 	64 	3.43611e+06 	1.11746e+06 	2.90203e+06 	9.29403e+06 	-1.20104e+06 	556968 	64000
1322 	64 	3.436e+06 	1.11396e+06 	2.89702e+06 	9.3019e+06 	-1.11589e+06 	646300 	64000
1323 	64 	3.43605e+06 	1.11058e+06 	2.90918e+06 	9.12595e+06 	-1.10792e+06 	520643 	64000
1324 	64 	3.43643e+06 	1.1141e+06 	2.90918e+06 	9.28998e+06 	-1.08859e+06 	640672 	64000
1325 	64 	3.4343e+06 	1.10998e+06 	2.90894e+06 	9.21988e+06 	-986188 	548559 	64000
1326 	64 	3.43615e+06 	1.1106e+06 	2.90084e+06 	9.29499e+06 	-1.18618e+06 	638806 	64000
1327 	64 	3.43446e+06 	1.10917e+06 	2.90108e+06 	9.27281e+06 	-1.36776e+06 	559397 	64000
1328 	64 	3.43624e+06 	1.1174e+06 	2.9099e+06 	9.16505e+06 	-1.19798e+06 	531648 	64000
1329 	64 	3.43527e+06 	1.11681e+06 	2.90704e+06 	9.48596e+06 	-1.25379e+06 	753980 	64000
1330 	64 	3.43496e+06 	1.10786e+06 	2.90012e+06 	9.08589e+06 	-1.2162e+06 	441421 	64000
1331 	64 	3.43621e+06 	1.11462e+06 	2.90298e+06 	9.29403e+06 	-1.23814e+06 	569273 	64000
1332 	64 	3.43614e+06 	1.11904e+06 	2.89798e+06 	9.31597e+06 	-1.28582e+06 	638135 	64000
1333 	64 	3.43491e+06 	1.11439e+06 	2.89082e+06 	9.35292e+06 	-1.18433e+06 	603698 	64000
1334 	64 	3.43441e+06 	1.11317e+06 	2.89702e+06 	9.28092e+06 	-1.15194e+06 	555187 	64000
1335 	64 	3.43577e+06 	1.1147e+06 	2.8789e+06 	9.21202e+06 	-927493 	619655 	64000
1336 	64 	3.43618e+06 	1.1121e+06 	2.8739e+06 	9.2299e+06 	-1.43867e+06 	554033 	64000
1337 	64 	3.43444e+06 	1.11066e+06 	2.89798e+06 	9.1331e+06 	-1.2979e+06 	577774 	64000
1338 	64 	3.43238e+06 	1.10401e+06 	2.89988e+06 	9.24706e+06 	-1.07134e+06 	578355 	64000
1339 	64 	3.43281e+06 	1.1038e+06 	2.89106e+06 	9.1331e+06 	-1.22255e+06 	522759 	64000
1340 	64 	3.43436e+06 	1.11103e+06 	2.90203e+06 	9.34196e+06 	-1.16824e+06 	605590 	64000
1341 	64 	3.43308e+06 	1.10527e+06 	2.8801e+06 	9.08708e+06 	-1.27006e+06 	467718 	64000
1342 	64 	3.43583e+06 	1.10986e+06 	2.90084e+06 	9.18794e+06 	-1.1663e+06 	558339 	64000
1343 	64 	3.43653e+06 	1.11388e+06 	2.882e+06 	9.32193e+06 	-1.16155e+06 	626199 	64000
1344 	64 	3.4362e+06 	1.11449e+06 	2.88486e+06 	9.21702e+06 	-1.10333e+06 	545923 	64000
1345 	64 	3.43611e+06 	1.11769e+06 	2.91109e+06 	9.27615e+06 	-1.23256e+06 	608653 	64000
1346 	64 	3.43229e+06 	1.10146e+06 	2.90894e+06 	9.14216e+06 	-1.00121e+06 	520158 	64000
1347 	64 	3.43286e+06 	1.10841e+06 	2.89893e+06 	9.17006e+06 	-1.11221e+06 	504747 	64000
1348 	64 	3.43496e+06 	1.11479e+06 	2.88892e+06 	9.32813e+06 	-1.14627e+06 	624213 	64000
1349 	64 	3.43622e+06 	1.11614e+06 	2.89202e+06 	9.23991e+06 	-1.24141e+06 	600774 	64000
1350 	64 	3.43518e+06 	1.10655e+06 	2.89607e+06 	9.35912e+06 	-1.20286e+06 	676804 	64000
1351 	64 	3.43252e+06 	1.10235e+06 	2.882e+06 	9.06992e+06 	-978768 	416070 	64000
1352 	64 	3.43391e+06 	1.10985e+06 	2.89583e+06 	9.47118e+06 	-1.16493e+06 	683401 	64000
1353 	64 	3.43378e+06 	1.10918e+06 	2.882e+06 	9.12499e+06 	-1.22754e+06 	500519 	64000
1354 	64 	3.43299e+06 	1.11178e+06 	2.89011e+06 	9.34005e+06 	-1.17423e+06 	634153 	64000
1355 	64 	3.43338e+06 	1.10615e+06 	2.9161e+06 	9.31597e+06 	-1.18621e+06 	576939 	64000
1356 	64 	3.42999e+06 	1.0996e+06 	2.89083e+06 	9.03797e+06 	-1.19465e+06 	493109 	64000
1357 	64 	3.43548e+06 	1.11413e+06 	2.89798e+06 	9.19199e+06 	-1.0886e+06 	536446 	64000
1358 	64 	3.43407e+06 	1.11277e+06 	2.90179e+06 	9.18198e+06 	-1.64487e+06 	568427 	64000
1359 	64 	3.43569e+06 	1.11778e+06 	2.88391e+06 	9.26805e+06 	-1.29752e+06 	667118 	64000
1360 	64 	3.43565e+06 	1.11083e+06 	2.90203e+06 	9.42087e+06 	-1.18159e+06 	689745 	64000
1361 	64 	3.43461e+06 	1.1121e+06 	2.90894e+06 	9.336e+06 	-1.22772e+06 	625991 	64000
1362 	64 	3.43507e+06 	1.11736e+06 	2.89607e+06 	9.4459e+06 	-1.16293e+06 	630151 	64000


# Index 1: Results for P2_InitialBarrier
1299 	64 	0 	0 	0 	0 	0 	0 	64000
1300 	64 	0 	0 	0 	0 	0 	0 	64000
1301 	64 	0 	0 	0 	0 	0 	0 	64000
1302 	64 	0 	0 	0 	0 	0 	0 	64000
1303 	64 	0 	0 	0 	0 	0 	0 	64000
1304 	64 	0 	0 	0 	0 	0 	0 	64000
1305 	64 	0 	0 	0 	0 	0 	0 	64000
1306 	64 	0 	0 	0 	0 	0 	0 	64000
1307 	64 	0 	0 	0 	0 	0 	0 	64000
1308 	64 	0 	0 	0 	0 	0 	0 	64000
1309 	64 	0 	0 	0 	0 	0 	0 	64000
1310 	64 	0 	0 	0 	0 	0 	0 	64000
1311 	64 	0 	0 	0 	0 	0 	0 	64000
1312 	64 	0 	0 	0 	0 	0 	0 	64000
1313 	64 	0 	0 	0 	0 	0 	0 	64000
1314 	64 	0 	0 	0 	0 	0 	0 	64000
1315 	64 	0 	0 	0 	0 	0 	0 	64000
1316 	64 	0 	0 	0 	0 	0 	0 	64000
1317 	64 	0 	0 	0 	0 	0 	0 	64000
1318 	64 	0 	0 	0 	0 	0 	0 	64000
1319 	64 	0 	0 	0 	0 	0 	0 	64000
1320 	64 	0 	0 	0 	0 	0 	0 	64000
1321 	64 	0 	0 	0 	0 	0 	0 	64000
1322 	64 	0 	0 	0 	0 	0 	0 	64000
1323 	64 	0 	0 	0 	0 	0 	0 	64000
1324 	64 	0 	0 	0 	0 	0 	0 	64000
1325 	64 	0 	0 	0 	0 	0 	0 	64000
1326 	64 	0 	0 	0 	0 	0 	0 	64000
1327 	64 	0 	0 	0 	0 	0 	0 	64000
1328 	64 	0 	0 	0 	0 	0 	0 	64000
1329 	64 	0 	0 	0 	0 	0 	0 	64000
1330 	64 	0 	0 	0 	0 	0 	0 	64000
1331 	64 	0 	0 	0 	0 	0 	0 	64000
1332 	64 	0 	0 	0 	0 	0 	0 	64000
1333 	64 	0 	0 	0 	0 	0 	0 	64000
1334 	64 	0 	0 	0 	0 	0 	0 	64000
1335 	64 	0 	0 	0 	0 	0 	0 	64000
1336 	64 	0 	0 	0 	0 	0 	0 	64000
1337 	64 	0 	0 	0 	0 	0 	0 	64000
1338 	64 	0 	0 	0 	0 	0 	0 	64000
1339 	64 	0 	0 	0 	0 	0 	0 	64000
1340 	64 	0 	0 	0 	0 	0 	0 	64000
1341 	64 	0 	0 	0 	0 	0 	0 	64000
1342 	64 	0 	0 	0 	0 	0 	0 	64000
1343 	64 	0 	0 	0 	0 	0 	0 	64000
1344 	64 	0 	0 	0 	0 	0 	0 	64000
1345 	64 	0 	0 	0 	0 	0 	0 	64000
1346 	64 	0 	0 	0 	0 	0 	0 	64000
1347 	64 	0 	0 	0 	0 	0 	0 	64000
1348 	64 	0 	0 	0 	0 	0 	0 	64000
1349 	64 	0 	0 	0 	0 	0 	0 	64000
1350 	64 	0 	0 	0 	0 	0 	0 	64000
1351 	64 	0 	0 	0 	0 	0 	0 	64000
1352 	64 	0 	0 	0 	0 	0 	0 	64000
1353 	64 	0 	0 	0 	0 	0 	0 	64000
1354 	64 	0 	0 	0 	0 	0 	0 	64000
1355 	64 	0 	0 	0 	0 	0 	0 	64000
1356 	64 	0 	0 	0 	0 	0 	0 	64000
1357 	64 	0 	0 	0 	0 	0 	0 	64000
1358 	64 	0 	0 	0 	0 	0 	0 	64000
1359 	64 	0 	0 	0 	0 	0 	0 	64000
1360 	64 	0 	0 	0 	0 	0 	0 	64000
1361 	64 	0 	0 	0 	0 	0 	0 	64000
1362 	64 	0 	0 	0 	0 	0 	0 	64000


# Index 2: Results for P2_KSpace_Control
1299 	64 	6.79668e+07 	857955 	6.69041e+07 	7.20172e+07 	-1.00353e+07 	2.13402e+06 	64000
1300 	64 	6.79752e+07 	857252 	6.69861e+07 	7.20539e+07 	-1.00376e+07 	2.09203e+06 	64000
1301 	64 	6.79484e+07 	864166 	6.69498e+07 	7.19991e+07 	-1.01102e+07 	2.01104e+06 	64000
1302 	64 	6.79464e+07 	862349 	6.6927e+07 	7.18961e+07 	-1.00761e+07 	1.93678e+06 	64000
1303 	64 	6.79291e+07 	860240 	6.6895e+07 	7.18369e+07 	-1.00678e+07 	1.93764e+06 	64000
1304 	64 	6.79192e+07 	860010 	6.68199e+07 	7.2058e+07 	-1.00819e+07 	1.9681e+06 	64000
1305 	64 	6.79274e+07 	860409 	6.68752e+07 	7.2196e+07 	-1.01103e+07 	1.98596e+06 	64000
1306 	64 	6.79277e+07 	855776 	6.67992e+07 	7.1945e+07 	-1.00597e+07 	1.93727e+06 	64000
1307 	64 	6.79393e+07 	860822 	6.689e+07 	7.198e+07 	-1.00041e+07 	1.9334e+06 	64000
1308 	64 	6.79383e+07 	859598 	6.68712e+07 	7.2036e+07 	-1.00327e+07 	1.89545e+06 	64000
1309 	64 	6.79336e+07 	857531 	6.6865e+07 	7.2118e+07 	-1.01318e+07 	1.8981e+06 	64000
1310 	64 	6.79366e+07 	859054 	6.69041e+07 	7.18811e+07 	-1.00777e+07 	2.01888e+06 	64000
1311 	64 	6.79427e+07 	861515 	6.69069e+07 	7.20131e+07 	-1.00642e+07 	1.9894e+06 	64000
1312 	64 	6.79432e+07 	857223 	6.6854e+07 	7.18319e+07 	-1.00471e+07 	2.00361e+06 	64000
1313 	64 	6.79754e+07 	853526 	6.6901e+07 	7.19318e+07 	-1.00711e+07 	1.96094e+06 	64000
1314 	64 	6.79447e+07 	859105 	6.68919e+07 	7.1981e+07 	-1.008e+07 	1.94379e+06 	64000
1315 	64 	6.80008e+07 	861905 	6.69529e+07 	7.2212e+07 	-1.0085e+07 	2.03839e+06 	64000
1316 	64 	6.79823e+07 	861623 	6.7013e+07 	7.2001e+07 	-1.00904e+07 	2.02568e+06 	64000
1317 	64 	6.80229e+07 	857964 	6.6922e+07 	7.19512e+07 	-1.00766e+07 	1.89087e+06 	64000
1318 	64 	6.79888e+07 	856115 	6.69858e+07 	7.22811e+07 	-1.01139e+07 	1.87922e+06 	64000
1319 	64 	6.79767e+07 	860898 	6.6874e+07 	7.21529e+07 	-1.00228e+07 	1.9146e+06 	64000
1320 	64 	6.79741e+07 	861591 	6.69069e+07 	7.20861e+07 	-1.01113e+07 	1.9643e+06 	64000
1321 	64 	6.79708e+07 	859147 	6.68769e+07 	7.2109e+07 	-1.00784e+07 	1.95526e+06 	64000
1322 	64 	6.79723e+07 	864587 	6.6855e+07 	7.22392e+07 	-1.00967e+07 	2.03501e+06 	64000
1323 	64 	6.79762e+07 	863059 	6.69732e+07 	7.19731e+07 	-1.00092e+07 	1.91697e+06 	64000
1324 	64 	6.79796e+07 	859799 	6.6941e+07 	7.2253e+07 	-9.96412e+06 	1.90623e+06 	64000
1325 	64 	6.79777e+07 	857565 	6.6951e+07 	7.19509e+07 	-1.00415e+07 	1.93101e+06 	64000
1326 	64 	6.79753e+07 	865609 	6.6958e+07 	7.2156e+07 	-1.00976e+07 	1.97197e+06 	64000
1327 	64 	6.7979e+07 	855695 	6.69911e+07 	7.2088e+07 	-1.00516e+07 	1.92304e+06 	64000
1328 	64 	6.79791e+07 	858787 	6.7003e+07 	7.20849e+07 	-1.00585e+07 	2.06134e+06 	64000
1329 	64 	6.79803e+07 	862931 	6.69501e+07 	7.2428e+07 	-1.00417e+07 	1.99756e+06 	64000
1330 	64 	6.79788e+07 	856659 	6.69811e+07 	7.20241e+07 	-1.00843e+07 	1.97594e+06 	64000
1331 	64 	6.79815e+07 	861180 	6.6958e+07 	7.20432e+07 	-1.01113e+07 	2.03102e+06 	64000
1332 	64 	6.7978e+07 	864558 	6.6983e+07 	7.22439e+07 	-1.0066e+07 	2.04893e+06 	64000
1333 	64 	6.79734e+07 	860564 	6.6941e+07 	7.2191e+07 	-1.00668e+07 	2.01695e+06 	64000
1334 	64 	6.79726e+07 	858673 	6.69379e+07 	7.21509e+07 	-1.00667e+07 	1.93536e+06 	64000
1335 	64 	6.799e+07 	859630 	6.6988e+07 	7.2161e+07 	-1.00972e+07 	1.97341e+06 	64000
1336 	64 	6.7991e+07 	858223 	6.70481e+07 	7.23362e+07 	-1.01109e+07 	1.99737e+06 	64000
1337 	64 	6.80122e+07 	861660 	6.706e+07 	7.2067e+07 	-1.00208e+07 	2.05716e+06 	64000
1338 	64 	6.80174e+07 	860841 	6.689e+07 	7.18741e+07 	-1.00443e+07 	2.01774e+06 	64000
1339 	64 	6.79928e+07 	855582 	6.6961e+07 	7.20098e+07 	-1.00422e+07 	1.91569e+06 	64000
1340 	64 	6.80115e+07 	854074 	6.69858e+07 	7.23929e+07 	-1.00831e+07 	2.05619e+06 	64000
1341 	64 	6.79939e+07 	856567 	6.6962e+07 	7.20899e+07 	-1.00935e+07 	1.99142e+06 	64000
1342 	64 	6.79782e+07 	859768 	6.6962e+07 	7.2021e+07 	-1.00949e+07 	1.9999e+06 	64000
1343 	64 	6.79798e+07 	860558 	6.6927e+07 	7.19681e+07 	-1.00797e+07 	2.09782e+06 	64000
1344 	64 	6.79793e+07 	856943 	6.69858e+07 	7.1924e+07 	-1.00765e+07 	1.97031e+06 	64000
1345 	64 	6.79975e+07 	860703 	6.69868e+07 	7.23431e+07 	-1.0079e+07 	2.02771e+06 	64000
1346 	64 	6.79948e+07 	854792 	6.69899e+07 	7.18782e+07 	-1.00303e+07 	1.98622e+06 	64000
1347 	64 	6.79763e+07 	856085 	6.6947e+07 	7.183e+07 	-1.0028e+07 	2.02065e+06 	64000
1348 	64 	6.79745e+07 	865257 	6.69789e+07 	7.2192e+07 	-1.00507e+07 	1.97274e+06 	64000
1349 	64 	6.79754e+07 	865251 	6.69041e+07 	7.2202e+07 	-1.00744e+07 	1.95157e+06 	64000
1350 	64 	6.79771e+07 	862928 	6.6891e+07 	7.22601e+07 	-1.0114e+07 	2.05367e+06 	64000
1351 	64 	6.80115e+07 	850732 	6.69808e+07 	7.1919e+07 	-1.0069e+07 	1.94415e+06 	64000
1352 	64 	6.80212e+07 	863163 	6.705e+07 	7.23128e+07 	-1.00903e+07 	2.02705e+06 	64000
1353 	64 	6.8027e+07 	857509 	6.69401e+07 	7.2197e+07 	-1.00775e+07 	1.97859e+06 	64000
1354 	64 	6.80215e+07 	860494 	6.69131e+07 	7.2016e+07 	-1.00243e+07 	1.97035e+06 	64000
1355 	64 	6.79996e+07 	855456 	6.6958e+07 	7.20708e+07 	-1.00408e+07 	1.99542e+06 	64000
1356 	64 	6.79956e+07 	850989 	6.69529e+07 	7.19001e+07 	-1.00384e+07 	1.89672e+06 	64000
1357 	64 	6.79806e+07 	866508 	6.69231e+07 	7.22668e+07 	-1.00708e+07 	1.93352e+06 	64000
1358 	64 	6.79824e+07 	864887 	6.68871e+07 	7.25701e+07 	-1.00499e+07 	1.90722e+06 	64000
1359 	64 	6.79754e+07 	864795 	6.68981e+07 	7.22511e+07 	-1.00898e+07 	2.02778e+06 	64000
1360 	64 	6.79773e+07 	861314 	6.69889e+07 	7.2103e+07 	-1.0035e+07 	1.9751e+06 	64000
1361 	64 	6.79776e+07 	861340 	6.69239e+07 	7.2119e+07 	-1.00541e+07 	1.90588e+06 	64000
1362 	64 	6.79776e+07 	869195 	6.69541e+07 	7.2449e+07 	-1.0072e+07 	2.09947e+06 	64000


# Index 3: Results for P2_Simtick_Loop_Control
1299 	64 	1.05565e+08 	4.3821e+07 	9.19828e+07 	2.98605e+08 	-7.59872e+10 	7.59877e+10 	64000
1300 	64 	1.05566e+08 	4.37964e+07 	9.2e+07 	2.97735e+08 	-7.59873e+10 	7.59879e+10 	64000
1301 	64 	1.05566e+08 	4.38612e+07 	9.19242e+07 	2.98558e+08 	-9.74525e+09 	9.74572e+09 	64000
1302 	64 	1.05566e+08 	4.38548e+07 	9.19609e+07 	2.97794e+08 	-9.74527e+09 	9.74583e+09 	64000
1303 	64 	1.05565e+08 	4.3858e+07 	9.1938e+07 	2.9857e+08 	-1.44296e+10 	1.44296e+10 	64000
1304 	64 	1.05566e+08 	4.38743e+07 	9.1888e+07 	2.98394e+08 	-1.44297e+10 	1.44301e+10 	64000
1305 	64 	1.05567e+08 	4.38459e+07 	9.19349e+07 	2.98193e+08 	-2.07539e+09 	2.07544e+09 	64000
1306 	64 	1.05568e+08 	4.38609e+07 	9.19459e+07 	2.98731e+08 	-2.0754e+09 	2.0755e+09 	64000
1307 	64 	1.05565e+08 	4.38331e+07 	9.19631e+07 	2.9827e+08 	-7.02011e+10 	7.02018e+10 	64000
1308 	64 	1.05568e+08 	4.38515e+07 	9.20069e+07 	2.99194e+08 	-7.02011e+10 	7.02018e+10 	64000
1309 	64 	1.05564e+08 	4.38243e+07 	9.1938e+07 	2.97969e+08 	-1.66076e+10 	1.66081e+10 	64000
1310 	64 	1.05567e+08 	4.38365e+07 	9.19518e+07 	2.98414e+08 	-1.66076e+10 	1.66082e+10 	64000
1311 	64 	1.05565e+08 	4.38296e+07 	9.19769e+07 	2.98831e+08 	-1.44879e+10 	1.44885e+10 	64000
1312 	64 	1.05567e+08 	4.38242e+07 	9.19271e+07 	2.98422e+08 	-1.44879e+10 	1.44885e+10 	64000
1313 	64 	1.05567e+08 	4.37875e+07 	9.1959e+07 	2.9855e+08 	-8.6291e+09 	8.62915e+09 	64000
1314 	64 	1.05564e+08 	4.3826e+07 	9.196e+07 	2.97534e+08 	-8.6293e+09 	8.62956e+09 	64000
1315 	64 	1.05562e+08 	4.36922e+07 	9.20031e+07 	2.98439e+08 	-2.13727e+08 	2.14341e+08 	64000
1316 	64 	1.05567e+08 	4.37665e+07 	9.19399e+07 	2.98589e+08 	-2.13741e+08 	2.14318e+08 	64000
1317 	64 	1.05566e+08 	4.36846e+07 	9.20522e+07 	2.98026e+08 	-1.86612e+10 	1.86617e+10 	64000
1318 	64 	1.05563e+08 	4.37018e+07 	9.19809e+07 	2.98462e+08 	-1.86612e+10 	1.86619e+10 	64000
1319 	64 	1.05565e+08 	4.37616e+07 	9.1996e+07 	2.98333e+08 	-1.65823e+10 	1.6583e+10 	64000
1320 	64 	1.05566e+08 	4.37553e+07 	9.19669e+07 	2.98528e+08 	-1.65823e+10 	1.6583e+10 	64000
1321 	64 	1.05567e+08 	4.37677e+07 	9.1958e+07 	2.98583e+08 	-2.20912e+10 	2.20911e+10 	64000
1322 	64 	1.05565e+08 	4.37689e+07 	9.19452e+07 	2.98457e+08 	-2.20912e+10 	2.20912e+10 	64000
1323 	64 	1.05568e+08 	4.37588e+07 	9.2016e+07 	2.98146e+08 	-5.18621e+09 	5.18629e+09 	64000
1324 	64 	1.05568e+08 	4.3756e+07 	9.19731e+07 	2.98427e+08 	-5.18617e+09 	5.18618e+09 	64000
1325 	64 	1.05567e+08 	4.37549e+07 	9.1985e+07 	2.98033e+08 	-1.39145e+07 	1.38465e+07 	64000
1326 	64 	1.05567e+08 	4.37582e+07 	9.1996e+07 	2.98771e+08 	-1.38533e+07 	1.38776e+07 	64000
1327 	64 	1.05566e+08 	4.3745e+07 	9.19709e+07 	2.98727e+08 	-2.6499e+09 	2.65051e+09 	64000
1328 	64 	1.05567e+08 	4.37574e+07 	9.20091e+07 	2.98317e+08 	-2.6498e+09 	2.65054e+09 	64000
1329 	64 	1.05563e+08 	4.37391e+07 	9.20432e+07 	2.97692e+08 	-1.86856e+10 	1.86862e+10 	64000
1330 	64 	1.05564e+08 	4.37468e+07 	9.198e+07 	2.98857e+08 	-1.86855e+10 	1.86863e+10 	64000
1331 	64 	1.05567e+08 	4.3781e+07 	9.19819e+07 	2.98833e+08 	-2.97876e+08 	2.98336e+08 	64000
1332 	64 	1.05568e+08 	4.37589e+07 	9.20091e+07 	2.98209e+08 	-2.97785e+08 	2.97819e+08 	64000
1333 	64 	1.05565e+08 	4.37598e+07 	9.2006e+07 	2.98381e+08 	-4.52963e+07 	4.58927e+07 	64000
1334 	64 	1.05567e+08 	4.37656e+07 	9.1979e+07 	2.98083e+08 	-4.52921e+07 	4.59619e+07 	64000
1335 	64 	1.05565e+08 	4.37521e+07 	9.20129e+07 	2.98581e+08 	-6.46429e+10 	6.46436e+10 	64000
1336 	64 	1.05568e+08 	4.37555e+07 	9.20119e+07 	2.98505e+08 	-6.46429e+10 	6.46436e+10 	64000
1337 	64 	1.05567e+08 	4.37327e+07 	9.1994e+07 	2.98653e+08 	-9.04959e+10 	9.04965e+10 	64000
1338 	64 	1.05568e+08 	4.37338e+07 	9.19709e+07 	2.98053e+08 	-9.0496e+10 	9.04966e+10 	64000
1339 	64 	1.05566e+08 	4.37399e+07 	9.2006e+07 	2.98873e+08 	-2.69143e+09 	2.69145e+09 	64000
1340 	64 	1.05565e+08 	4.37092e+07 	9.19199e+07 	2.98462e+08 	-2.69142e+09 	2.69154e+09 	64000
1341 	64 	1.05565e+08 	4.37347e+07 	9.2e+07 	2.98756e+08 	-8.28649e+10 	8.28649e+10 	64000
1342 	64 	1.05565e+08 	4.37489e+07 	9.19881e+07 	2.98118e+08 	-8.28649e+10 	8.28649e+10 	64000
1343 	64 	1.05563e+08 	4.37404e+07 	9.1979e+07 	2.98481e+08 	-5.09301e+07 	5.15469e+07 	64000
1344 	64 	1.05564e+08 	4.37401e+07 	9.19881e+07 	2.99189e+08 	-5.08411e+07 	5.1605e+07 	64000
1345 	64 	1.05564e+08 	4.37394e+07 	9.2006e+07 	2.98311e+08 	-4.18128e+09 	4.18187e+09 	64000
1346 	64 	1.05568e+08 	4.37325e+07 	9.2046e+07 	2.97819e+08 	-4.18137e+09 	4.18198e+09 	64000
1347 	64 	1.05565e+08 	4.37793e+07 	9.19859e+07 	2.98593e+08 	-4.39831e+09 	4.39899e+09 	64000
1348 	64 	1.05563e+08 	4.37648e+07 	9.20138e+07 	2.98313e+08 	-4.39838e+09 	4.39924e+09 	64000
1349 	64 	1.05566e+08 	4.37538e+07 	9.2e+07 	2.98366e+08 	-9.61022e+09 	9.61042e+09 	64000
1350 	64 	1.05565e+08 	4.37497e+07 	9.19769e+07 	2.98242e+08 	-9.61026e+09 	9.61032e+09 	64000
1351 	64 	1.05569e+08 	4.37281e+07 	9.18701e+07 	2.98903e+08 	-8.45655e+10 	8.45656e+10 	64000
1352 	64 	1.05567e+08 	4.37251e+07 	9.1954e+07 	2.98612e+08 	-8.45656e+10 	8.45661e+10 	64000
1353 	64 	1.05566e+08 	4.37123e+07 	9.1974e+07 	2.98745e+08 	-7.59176e+10 	7.59182e+10 	64000
1354 	64 	1.05566e+08 	4.37391e+07 	9.19189e+07 	2.98783e+08 	-7.59175e+10 	7.59183e+10 	64000
1355 	64 	1.05564e+08 	4.37318e+07 	9.2016e+07 	2.98853e+08 	-8.09298e+10 	8.09305e+10 	64000
1356 	64 	1.05563e+08 	4.37329e+07 	9.1985e+07 	2.9839e+08 	-8.09298e+10 	8.09305e+10 	64000
1357 	64 	1.05568e+08 	4.37685e+07 	9.19621e+07 	2.98266e+08 	-1.45842e+10 	1.45848e+10 	64000
1358 	64 	1.05566e+08 	4.37486e+07 	9.19778e+07 	2.98249e+08 	-1.45843e+10 	1.4585e+10 	64000
1359 	64 	1.05565e+08 	4.37589e+07 	9.1959e+07 	2.98318e+08 	-4.86632e+09 	4.86679e+09 	64000
1360 	64 	1.05567e+08 	4.37571e+07 	9.1933e+07 	2.98585e+08 	-4.86631e+09 	4.86693e+09 	64000
1361 	64 	1.05564e+08 	4.37581e+07 	9.20022e+07 	2.98401e+08 	-3.8282e+07 	3.88049e+07 	64000
1362 	64 	1.05567e+08 	4.37623e+07 	9.20241e+07 	2.98148e+08 	-3.83596e+07 	3.90015e+07 	64000


# Index 4: Results for P3ME_ForwardFFT_Control
1299 	64 	2.16927e+07 	653381 	2.03328e+07 	2.2927e+07 	-1.21685e+06 	1.07151e+06 	64000
1300 	64 	2.16896e+07 	653143 	2.03409e+07 	2.2891e+07 	-1.20635e+06 	1.07959e+06 	64000
1301 	64 	2.16674e+07 	653099 	2.0324e+07 	2.2912e+07 	-1.18222e+06 	1.07532e+06 	64000
1302 	64 	2.16665e+07 	651916 	2.03278e+07 	2.29208e+07 	-1.20655e+06 	1.05654e+06 	64000
1303 	64 	2.16738e+07 	648344 	2.0319e+07 	2.2898e+07 	-1.19481e+06 	1.07145e+06 	64000
1304 	64 	2.16625e+07 	648168 	2.03378e+07 	2.2922e+07 	-1.14541e+06 	1.04654e+06 	64000
1305 	64 	2.16693e+07 	647757 	2.036e+07 	2.29261e+07 	-1.21078e+06 	1.06215e+06 	64000
1306 	64 	2.16699e+07 	648448 	2.0319e+07 	2.29001e+07 	-1.19492e+06 	1.06518e+06 	64000
1307 	64 	2.16724e+07 	648312 	2.0344e+07 	2.29001e+07 	-1.20585e+06 	1.06399e+06 	64000
1308 	64 	2.16694e+07 	647467 	2.03278e+07 	2.2882e+07 	-1.24344e+06 	1.07055e+06 	64000
1309 	64 	2.16701e+07 	648394 	2.033e+07 	2.2918e+07 	-1.20059e+06 	1.07612e+06 	64000
1310 	64 	2.1671e+07 	648964 	2.03159e+07 	2.2907e+07 	-1.22355e+06 	1.06962e+06 	64000
1311 	64 	2.16725e+07 	647814 	2.0365e+07 	2.28939e+07 	-1.19758e+06 	1.08983e+06 	64000
1312 	64 	2.16706e+07 	648680 	2.034e+07 	2.2898e+07 	-1.18595e+06 	1.05658e+06 	64000
1313 	64 	2.16916e+07 	648555 	2.03271e+07 	2.2876e+07 	-1.21693e+06 	1.05382e+06 	64000
1314 	64 	2.16709e+07 	649057 	2.03369e+07 	2.29301e+07 	-1.21016e+06 	1.07288e+06 	64000
1315 	64 	2.16716e+07 	650238 	2.0381e+07 	2.2938e+07 	-1.18386e+06 	1.07988e+06 	64000
1316 	64 	2.16666e+07 	649456 	2.03271e+07 	2.29061e+07 	-1.21025e+06 	1.06828e+06 	64000
1317 	64 	2.16865e+07 	646119 	2.03359e+07 	2.28951e+07 	-1.20616e+06 	1.06187e+06 	64000
1318 	64 	2.16773e+07 	643487 	2.03729e+07 	2.29471e+07 	-1.20558e+06 	1.0695e+06 	64000
1319 	64 	2.16734e+07 	649693 	2.0381e+07 	2.29061e+07 	-1.20124e+06 	1.06951e+06 	64000
1320 	64 	2.16736e+07 	649513 	2.03221e+07 	2.29261e+07 	-1.2129e+06 	1.06098e+06 	64000
1321 	64 	2.16737e+07 	649445 	2.03869e+07 	2.2927e+07 	-1.18975e+06 	1.06102e+06 	64000
1322 	64 	2.16722e+07 	648633 	2.03731e+07 	2.2908e+07 	-1.18431e+06 	1.06505e+06 	64000
1323 	64 	2.16739e+07 	650539 	2.033e+07 	2.2953e+07 	-1.204e+06 	1.0618e+06 	64000
1324 	64 	2.16746e+07 	650236 	2.0339e+07 	2.2891e+07 	-1.20655e+06 	1.0656e+06 	64000
1325 	64 	2.1674e+07 	649792 	2.03331e+07 	2.29089e+07 	-1.19105e+06 	1.05868e+06 	64000
1326 	64 	2.16713e+07 	650751 	2.03171e+07 	2.2866e+07 	-1.20392e+06 	1.07995e+06 	64000
1327 	64 	2.16714e+07 	650162 	2.03619e+07 	2.2876e+07 	-1.19255e+06 	1.08917e+06 	64000
1328 	64 	2.16732e+07 	648447 	2.03471e+07 	2.29049e+07 	-1.19268e+06 	1.0552e+06 	64000
1329 	64 	2.16741e+07 	649431 	2.03609e+07 	2.2903e+07 	-1.20242e+06 	1.06695e+06 	64000
1330 	64 	2.16719e+07 	649628 	2.03521e+07 	2.29311e+07 	-1.20345e+06 	1.06945e+06 	64000
1331 	64 	2.16676e+07 	651840 	2.03221e+07 	2.2918e+07 	-1.21388e+06 	1.07027e+06 	64000
1332 	64 	2.16724e+07 	649215 	2.03528e+07 	2.2898e+07 	-1.2196e+06 	1.08698e+06 	64000
1333 	64 	2.16712e+07 	649628 	2.03378e+07 	2.28989e+07 	-1.19268e+06 	1.06525e+06 	64000
1334 	64 	2.16737e+07 	648793 	2.03819e+07 	2.28908e+07 	-1.18916e+06 	1.06426e+06 	64000
1335 	64 	2.16645e+07 	655948 	2.0303e+07 	2.29211e+07 	-1.20249e+06 	1.0872e+06 	64000
1336 	64 	2.16669e+07 	655034 	2.03459e+07 	2.28951e+07 	-1.17449e+06 	1.08953e+06 	64000
1337 	64 	2.16865e+07 	655695 	2.03631e+07 	2.2872e+07 	-1.21519e+06 	1.09496e+06 	64000
1338 	64 	2.16857e+07 	654153 	2.0334e+07 	2.29051e+07 	-1.23644e+06 	1.06851e+06 	64000
1339 	64 	2.16894e+07 	649680 	2.03609e+07 	2.29118e+07 	-1.20399e+06 	1.06065e+06 	64000
1340 	64 	2.16983e+07 	651434 	2.03671e+07 	2.2965e+07 	-1.21816e+06 	1.06229e+06 	64000
1341 	64 	2.16881e+07 	649070 	2.0323e+07 	2.2907e+07 	-1.24106e+06 	1.05011e+06 	64000
1342 	64 	2.16736e+07 	649368 	2.03371e+07 	2.29201e+07 	-1.18292e+06 	1.06889e+06 	64000
1343 	64 	2.16713e+07 	650059 	2.0299e+07 	2.2912e+07 	-1.20129e+06 	1.06242e+06 	64000
1344 	64 	2.16741e+07 	649297 	2.0364e+07 	2.2908e+07 	-1.18691e+06 	1.07235e+06 	64000
1345 	64 	2.16803e+07 	649987 	2.03049e+07 	2.2922e+07 	-1.2188e+06 	1.05695e+06 	64000
1346 	64 	2.16887e+07 	648191 	2.03829e+07 	2.2912e+07 	-1.20212e+06 	1.07448e+06 	64000
1347 	64 	2.16631e+07 	648847 	2.03471e+07 	2.29068e+07 	-1.17414e+06 	1.07536e+06 	64000
1348 	64 	2.16716e+07 	651170 	2.03688e+07 	2.28951e+07 	-1.20706e+06 	1.07238e+06 	64000
1349 	64 	2.16734e+07 	648631 	2.03271e+07 	2.2907e+07 	-1.20183e+06 	1.05854e+06 	64000
1350 	64 	2.16721e+07 	650185 	2.03249e+07 	2.28879e+07 	-1.19214e+06 	1.06932e+06 	64000
1351 	64 	2.1684e+07 	654625 	2.03819e+07 	2.2923e+07 	-1.2078e+06 	1.10419e+06 	64000
1352 	64 	2.1685e+07 	653600 	2.0366e+07 	2.28829e+07 	-1.22457e+06 	1.09679e+06 	64000
1353 	64 	2.16904e+07 	652550 	2.035e+07 	2.29049e+07 	-1.22109e+06 	1.06746e+06 	64000
1354 	64 	2.16926e+07 	653588 	2.03519e+07 	2.29151e+07 	-1.22889e+06 	1.0582e+06 	64000
1355 	64 	2.16901e+07 	649342 	2.03409e+07 	2.2933e+07 	-1.22384e+06 	1.06537e+06 	64000
1356 	64 	2.16905e+07 	649610 	2.03631e+07 	2.29142e+07 	-1.23281e+06 	1.06928e+06 	64000
1357 	64 	2.16774e+07 	648532 	2.03629e+07 	2.29189e+07 	-1.21653e+06 	1.1028e+06 	64000
1358 	64 	2.16765e+07 	649731 	2.0334e+07 	2.2913e+07 	-1.19888e+06 	1.06131e+06 	64000
1359 	64 	2.1671e+07 	650123 	2.0344e+07 	2.29292e+07 	-1.20748e+06 	1.06624e+06 	64000
1360 	64 	2.1673e+07 	649375 	2.03421e+07 	2.2913e+07 	-1.18661e+06 	1.07303e+06 	64000
1361 	64 	2.16726e+07 	648816 	2.03731e+07 	2.28779e+07 	-1.18858e+06 	1.06179e+06 	64000
1362 	64 	2.16707e+07 	649028 	2.03531e+07 	2.2913e+07 	-1.2048e+06 	1.06921e+06 	64000


# Index 5: Results for P3ME_Rev_FFT
1299 	64 	2.46357e+07 	655495 	2.37939e+07 	2.56732e+07 	-799056 	865940 	64000
1300 	64 	2.46432e+07 	656850 	2.37961e+07 	2.5702e+07 	-790082 	919115 	64000
1301 	64 	2.46429e+07 	661212 	2.37749e+07 	2.56629e+07 	-791113 	879142 	64000
1302 	64 	2.46405e+07 	660442 	2.37269e+07 	2.565e+07 	-791121 	865918 	64000
1303 	64 	2.46182e+07 	639964 	2.37949e+07 	2.56071e+07 	-772554 	844516 	64000
1304 	64 	2.46209e+07 	640708 	2.3778e+07 	2.56448e+07 	-782669 	855937 	64000
1305 	64 	2.46215e+07 	639491 	2.3787e+07 	2.5589e+07 	-775587 	813428 	64000
1306 	64 	2.46215e+07 	640029 	2.3772e+07 	2.5563e+07 	-768081 	820268 	64000
1307 	64 	2.46313e+07 	640112 	2.3797e+07 	2.55909e+07 	-767395 	813347 	64000
1308 	64 	2.46331e+07 	639555 	2.37761e+07 	2.55568e+07 	-784036 	811346 	64000
1309 	64 	2.46279e+07 	640323 	2.3777e+07 	2.5552e+07 	-768196 	810579 	64000
1310 	64 	2.46316e+07 	640652 	2.3777e+07 	2.5563e+07 	-776347 	813727 	64000
1311 	64 	2.46339e+07 	638666 	2.3783e+07 	2.55849e+07 	-778157 	807614 	64000
1312 	64 	2.46387e+07 	640302 	2.37889e+07 	2.56e+07 	-763748 	807419 	64000
1313 	64 	2.46448e+07 	641341 	2.3797e+07 	2.5718e+07 	-781004 	850256 	64000
1314 	64 	2.46382e+07 	641103 	2.37899e+07 	2.55561e+07 	-772569 	816494 	64000
1315 	64 	2.46866e+07 	650299 	2.38209e+07 	2.56741e+07 	-805515 	868197 	64000
1316 	64 	2.46745e+07 	648547 	2.38349e+07 	2.5656e+07 	-782564 	855810 	64000
1317 	64 	2.46947e+07 	635495 	2.38171e+07 	2.56481e+07 	-828624 	866908 	64000
1318 	64 	2.46733e+07 	622801 	2.38459e+07 	2.56491e+07 	-783477 	826910 	64000
1319 	64 	2.46656e+07 	641394 	2.3839e+07 	2.55971e+07 	-776548 	805754 	64000
1320 	64 	2.46633e+07 	640508 	2.38192e+07 	2.56162e+07 	-774327 	819866 	64000
1321 	64 	2.46595e+07 	640884 	2.3809e+07 	2.56152e+07 	-767273 	820063 	64000
1322 	64 	2.46639e+07 	639389 	2.3829e+07 	2.55902e+07 	-779453 	804507 	64000
1323 	64 	2.46651e+07 	642715 	2.37939e+07 	2.5609e+07 	-774569 	819363 	64000
1324 	64 	2.46685e+07 	641877 	2.38051e+07 	2.56438e+07 	-767458 	804655 	64000
1325 	64 	2.46678e+07 	640981 	2.38478e+07 	2.56419e+07 	-773385 	806018 	64000
1326 	64 	2.46672e+07 	642882 	2.38149e+07 	2.55861e+07 	-777509 	805277 	64000
1327 	64 	2.46712e+07 	642301 	2.38369e+07 	2.5594e+07 	-795651 	803404 	64000
1328 	64 	2.467e+07 	638912 	2.38299e+07 	2.56078e+07 	-774123 	803497 	64000
1329 	64 	2.46685e+07 	640936 	2.38211e+07 	2.55971e+07 	-770207 	818402 	64000
1330 	64 	2.46707e+07 	641856 	2.38318e+07 	2.56121e+07 	-779290 	825338 	64000
1331 	64 	2.46769e+07 	654490 	2.38221e+07 	2.56591e+07 	-785743 	868693 	64000
1332 	64 	2.46669e+07 	640469 	2.38268e+07 	2.5619e+07 	-769507 	812546 	64000
1333 	64 	2.46641e+07 	641493 	2.38209e+07 	2.5605e+07 	-772204 	824347 	64000
1334 	64 	2.46613e+07 	640840 	2.3818e+07 	2.56319e+07 	-762262 	798590 	64000
1335 	64 	2.46845e+07 	661346 	2.3793e+07 	2.5768e+07 	-825342 	878222 	64000
1336 	64 	2.46834e+07 	660009 	2.37932e+07 	2.56791e+07 	-783883 	874788 	64000
1337 	64 	2.46806e+07 	662188 	2.37579e+07 	2.5707e+07 	-807665 	902311 	64000
1338 	64 	2.46879e+07 	659573 	2.37839e+07 	2.5712e+07 	-808571 	876893 	64000
1339 	64 	2.46675e+07 	642327 	2.3778e+07 	2.56841e+07 	-773773 	814010 	64000
1340 	64 	2.46755e+07 	643785 	2.38109e+07 	2.566e+07 	-784959 	853993 	64000
1341 	64 	2.46693e+07 	641044 	2.38252e+07 	2.56011e+07 	-772643 	813674 	64000
1342 	64 	2.46672e+07 	640225 	2.3823e+07 	2.5564e+07 	-764761 	821714 	64000
1343 	64 	2.46711e+07 	641186 	2.38218e+07 	2.56209e+07 	-778932 	816423 	64000
1344 	64 	2.46697e+07 	640432 	2.38161e+07 	2.56331e+07 	-761338 	812780 	64000
1345 	64 	2.46777e+07 	642735 	2.38361e+07 	2.5697e+07 	-777118 	839293 	64000
1346 	64 	2.46706e+07 	639314 	2.3772e+07 	2.5624e+07 	-778358 	801220 	64000
1347 	64 	2.46769e+07 	652004 	2.3818e+07 	2.5666e+07 	-820539 	902563 	64000
1348 	64 	2.46633e+07 	646213 	2.3808e+07 	2.56529e+07 	-773039 	863250 	64000
1349 	64 	2.46639e+07 	639218 	2.3818e+07 	2.5615e+07 	-775807 	815455 	64000
1350 	64 	2.46686e+07 	645563 	2.3807e+07 	2.56312e+07 	-788894 	853572 	64000
1351 	64 	2.4685e+07 	659498 	2.37992e+07 	2.5722e+07 	-808627 	876230 	64000
1352 	64 	2.4691e+07 	659344 	2.3814e+07 	2.57089e+07 	-813041 	881110 	64000
1353 	64 	2.46926e+07 	653910 	2.38252e+07 	2.5723e+07 	-793979 	883710 	64000
1354 	64 	2.46893e+07 	653614 	2.38299e+07 	2.5692e+07 	-804666 	888377 	64000
1355 	64 	2.46685e+07 	643588 	2.38271e+07 	2.56178e+07 	-782524 	847041 	64000
1356 	64 	2.46684e+07 	641876 	2.38221e+07 	2.56429e+07 	-784367 	824187 	64000
1357 	64 	2.46629e+07 	641154 	2.3808e+07 	2.5593e+07 	-776746 	850852 	64000
1358 	64 	2.46675e+07 	641839 	2.3798e+07 	2.5609e+07 	-772945 	831649 	64000
1359 	64 	2.46663e+07 	641481 	2.38309e+07 	2.56181e+07 	-788630 	810030 	64000
1360 	64 	2.46673e+07 	640833 	2.3834e+07 	2.56078e+07 	-768841 	805594 	64000
1361 	64 	2.46682e+07 	640448 	2.3834e+07 	2.561e+07 	-782766 	809744 	64000
1362 	64 	2.46688e+07 	639995 	2.38361e+07 	2.56019e+07 	-765126 	801958 	64000


# Index 6: Results for RealSpaceAddForces
1299 	64 	2.73513e+06 	1.50759e+06 	1.95384e+06 	9.68194e+06 	-458106 	206404 	64000
1300 	64 	2.73518e+06 	1.50766e+06 	1.95312e+06 	9.68385e+06 	-458471 	204872 	64000
1301 	64 	2.73516e+06 	1.50756e+06 	1.95289e+06 	9.68409e+06 	-457626 	205133 	64000
1302 	64 	2.73511e+06 	1.50755e+06 	1.95312e+06 	9.68409e+06 	-457909 	205588 	64000
1303 	64 	2.73505e+06 	1.5076e+06 	1.95384e+06 	9.68289e+06 	-458058 	205903 	64000
1304 	64 	2.73489e+06 	1.50759e+06 	1.95384e+06 	9.68408e+06 	-457440 	205781 	64000
1305 	64 	2.73503e+06 	1.50761e+06 	1.95384e+06 	9.68313e+06 	-457216 	204917 	64000
1306 	64 	2.73503e+06 	1.50762e+06 	1.95408e+06 	9.68289e+06 	-457748 	205044 	64000
1307 	64 	2.73503e+06 	1.50761e+06 	1.95408e+06 	9.68289e+06 	-457745 	205822 	64000
1308 	64 	2.73502e+06 	1.50762e+06 	1.95384e+06 	9.68194e+06 	-457019 	205833 	64000
1309 	64 	2.73504e+06 	1.50761e+06 	1.95384e+06 	9.68504e+06 	-457063 	205998 	64000
1310 	64 	2.73507e+06 	1.5076e+06 	1.95384e+06 	9.6848e+06 	-456966 	206005 	64000
1311 	64 	2.73505e+06 	1.50761e+06 	1.95384e+06 	9.68218e+06 	-457991 	205055 	64000
1312 	64 	2.73506e+06 	1.50761e+06 	1.95312e+06 	9.68504e+06 	-457924 	205125 	64000
1313 	64 	2.73481e+06 	1.50757e+06 	1.95289e+06 	9.6848e+06 	-458215 	205301 	64000
1314 	64 	2.73506e+06 	1.5076e+06 	1.95408e+06 	9.68289e+06 	-457004 	206626 	64000
1315 	64 	2.73497e+06 	1.5075e+06 	1.95694e+06 	9.68504e+06 	-456795 	204958 	64000
1316 	64 	2.73493e+06 	1.50752e+06 	1.95384e+06 	9.68385e+06 	-457507 	204798 	64000
1317 	64 	2.73521e+06 	1.50746e+06 	1.95289e+06 	9.68099e+06 	-459343 	204734 	64000
1318 	64 	2.73487e+06 	1.50749e+06 	1.95599e+06 	9.68313e+06 	-456024 	206899 	64000
1319 	64 	2.73507e+06 	1.5076e+06 	1.95384e+06 	9.68289e+06 	-457558 	205450 	64000
1320 	64 	2.73507e+06 	1.5076e+06 	1.95289e+06 	9.68289e+06 	-458073 	206780 	64000
1321 	64 	2.73506e+06 	1.5076e+06 	1.95384e+06 	9.68289e+06 	-458092 	205837 	64000
1322 	64 	2.73506e+06 	1.50761e+06 	1.95384e+06 	9.68409e+06 	-456937 	205855 	64000
1323 	64 	2.73505e+06 	1.50761e+06 	1.95384e+06 	9.68504e+06 	-457160 	204783 	64000
1324 	64 	2.73506e+06 	1.5076e+06 	1.95408e+06 	9.68409e+06 	-457876 	205733 	64000
1325 	64 	2.73506e+06 	1.5076e+06 	1.95408e+06 	9.68289e+06 	-457868 	204795 	64000
1326 	64 	2.73507e+06 	1.5076e+06 	1.95384e+06 	9.68385e+06 	-457067 	205088 	64000
1327 	64 	2.73506e+06 	1.50761e+06 	1.95384e+06 	9.68385e+06 	-457358 	206322 	64000
1328 	64 	2.73506e+06 	1.50761e+06 	1.95384e+06 	9.68385e+06 	-457973 	205133 	64000
1329 	64 	2.73505e+06 	1.5076e+06 	1.95289e+06 	9.68313e+06 	-457078 	205886 	64000
1330 	64 	2.73504e+06 	1.5076e+06 	1.95384e+06 	9.68385e+06 	-457197 	206634 	64000
1331 	64 	2.73516e+06 	1.50765e+06 	1.95408e+06 	9.68313e+06 	-457346 	205740 	64000
1332 	64 	2.73504e+06 	1.50765e+06 	1.95384e+06 	9.68218e+06 	-458114 	206747 	64000
1333 	64 	2.735e+06 	1.50764e+06 	1.95289e+06 	9.68289e+06 	-457115 	206108 	64000
1334 	64 	2.73502e+06 	1.50763e+06 	1.95384e+06 	9.68289e+06 	-457115 	205733 	64000
1335 	64 	2.73514e+06 	1.50758e+06 	1.95408e+06 	9.68313e+06 	-459094 	205245 	64000
1336 	64 	2.73509e+06 	1.50757e+06 	1.95289e+06 	9.68313e+06 	-457667 	204604 	64000
1337 	64 	2.73485e+06 	1.50761e+06 	1.95384e+06 	9.68409e+06 	-459764 	205230 	64000
1338 	64 	2.73487e+06 	1.50762e+06 	1.95384e+06 	9.68385e+06 	-458766 	205502 	64000
1339 	64 	2.73495e+06 	1.50763e+06 	1.95384e+06 	9.68313e+06 	-456978 	205881 	64000
1340 	64 	2.73491e+06 	1.5076e+06 	1.95384e+06 	9.68313e+06 	-457466 	206150 	64000
1341 	64 	2.73495e+06 	1.50764e+06 	1.95408e+06 	9.68218e+06 	-457015 	205695 	64000
1342 	64 	2.73499e+06 	1.50763e+06 	1.95384e+06 	9.68289e+06 	-457309 	204731 	64000
1343 	64 	2.73497e+06 	1.50763e+06 	1.95384e+06 	9.68385e+06 	-456597 	205514 	64000
1344 	64 	2.73497e+06 	1.50763e+06 	1.95384e+06 	9.68289e+06 	-456970 	206850 	64000
1345 	64 	2.73491e+06 	1.50757e+06 	1.95384e+06 	9.68313e+06 	-457514 	206240 	64000
1346 	64 	2.73493e+06 	1.50763e+06 	1.95384e+06 	9.68504e+06 	-457074 	206743 	64000
1347 	64 	2.73496e+06 	1.50759e+06 	1.95384e+06 	9.68289e+06 	-458714 	205149 	64000
1348 	64 	2.73505e+06 	1.5076e+06 	1.95384e+06 	9.68504e+06 	-457991 	205942 	64000
1349 	64 	2.73503e+06 	1.50762e+06 	1.95289e+06 	9.68409e+06 	-457197 	205793 	64000
1350 	64 	2.73513e+06 	1.50759e+06 	1.95312e+06 	9.68289e+06 	-458021 	204939 	64000
1351 	64 	2.73494e+06 	1.50758e+06 	1.95312e+06 	9.68289e+06 	-459257 	204660 	64000
1352 	64 	2.735e+06 	1.50753e+06 	1.95384e+06 	9.68313e+06 	-460245 	205353 	64000
1353 	64 	2.73507e+06 	1.50754e+06 	1.95312e+06 	9.68504e+06 	-458438 	204753 	64000
1354 	64 	2.73506e+06 	1.50759e+06 	1.95408e+06 	9.68409e+06 	-457760 	205745 	64000
1355 	64 	2.73493e+06 	1.50758e+06 	1.95384e+06 	9.68289e+06 	-457570 	205733 	64000
1356 	64 	2.73496e+06 	1.50759e+06 	1.95384e+06 	9.6848e+06 	-458288 	205885 	64000
1357 	64 	2.73506e+06 	1.50753e+06 	1.95408e+06 	9.68385e+06 	-457461 	205825 	64000
1358 	64 	2.73505e+06 	1.5076e+06 	1.95408e+06 	9.68385e+06 	-457261 	205473 	64000
1359 	64 	2.73504e+06 	1.50761e+06 	1.95384e+06 	9.68385e+06 	-457056 	205778 	64000
1360 	64 	2.73504e+06 	1.50761e+06 	1.95312e+06 	9.68289e+06 	-458285 	205755 	64000
1361 	64 	2.73502e+06 	1.50762e+06 	1.95289e+06 	9.68385e+06 	-457250 	205937 	64000
1362 	64 	2.73499e+06 	1.50762e+06 	1.95384e+06 	9.68599e+06 	-456941 	205774 	64000


# Index 7: Results for RealSpaceDualCore
1299 	64 	1.61787e+07 	3.34685e+07 	4.45008e+06 	1.92148e+08 	-3.62078e+07 	2.71771e+07 	64000
1300 	64 	1.61745e+07 	3.34665e+07 	4.46391e+06 	1.92321e+08 	-3.59381e+07 	2.72629e+07 	64000
1301 	64 	1.61883e+07 	3.34656e+07 	4.50897e+06 	1.92364e+08 	-3.59923e+07 	2.74705e+07 	64000
1302 	64 	1.61897e+07 	3.34686e+07 	4.52113e+06 	1.91859e+08 	-3.62022e+07 	2.70303e+07 	64000
1303 	64 	1.61994e+07 	3.34719e+07 	4.52614e+06 	1.92357e+08 	-3.57734e+07 	2.74472e+07 	64000
1304 	64 	1.62052e+07 	3.34754e+07 	4.62008e+06 	1.92123e+08 	-3.59456e+07 	2.72857e+07 	64000
1305 	64 	1.62003e+07 	3.34715e+07 	4.55403e+06 	1.92093e+08 	-3.60484e+07 	2.71095e+07 	64000
1306 	64 	1.62007e+07 	3.34758e+07 	4.59981e+06 	1.9255e+08 	-3.58002e+07 	2.74086e+07 	64000
1307 	64 	1.61941e+07 	3.34725e+07 	4.56691e+06 	1.9249e+08 	-3.5815e+07 	2.7389e+07 	64000
1308 	64 	1.61946e+07 	3.3471e+07 	4.49395e+06 	1.92542e+08 	-3.66141e+07 	2.75542e+07 	64000
1309 	64 	1.61972e+07 	3.34734e+07 	4.58193e+06 	1.92126e+08 	-3.62122e+07 	2.68776e+07 	64000
1310 	64 	1.61958e+07 	3.34733e+07 	4.53019e+06 	1.92443e+08 	-3.58583e+07 	2.73835e+07 	64000
1311 	64 	1.6192e+07 	3.34691e+07 	4.54211e+06 	1.92478e+08 	-3.58103e+07 	2.75865e+07 	64000
1312 	64 	1.61922e+07 	3.3473e+07 	4.5569e+06 	1.9242e+08 	-3.58356e+07 	2.74535e+07 	64000
1313 	64 	1.61746e+07 	3.34707e+07 	4.50492e+06 	1.9218e+08 	-3.54779e+07 	2.71491e+07 	64000
1314 	64 	1.61913e+07 	3.34712e+07 	4.55809e+06 	1.92257e+08 	-3.59463e+07 	2.72186e+07 	64000
1315 	64 	1.61608e+07 	3.34646e+07 	4.43101e+06 	1.92494e+08 	-3.59614e+07 	2.75802e+07 	64000
1316 	64 	1.61707e+07 	3.34649e+07 	4.52995e+06 	1.91985e+08 	-3.5587e+07 	2.71146e+07 	64000
1317 	64 	1.61492e+07 	3.34647e+07 	4.45604e+06 	1.92562e+08 	-3.667e+07 	2.74834e+07 	64000
1318 	64 	1.61677e+07 	3.34683e+07 	4.50516e+06 	1.92297e+08 	-3.60587e+07 	2.73127e+07 	64000
1319 	64 	1.61739e+07 	3.34674e+07 	4.49991e+06 	1.924e+08 	-3.61556e+07 	2.73784e+07 	64000
1320 	64 	1.61753e+07 	3.34664e+07 	4.47106e+06 	1.92505e+08 	-3.5579e+07 	2.74989e+07 	64000
1321 	64 	1.6177e+07 	3.34671e+07 	4.49586e+06 	1.92379e+08 	-3.60283e+07 	2.74252e+07 	64000
1322 	64 	1.6176e+07 	3.34643e+07 	4.59814e+06 	1.92319e+08 	-3.57745e+07 	2.73132e+07 	64000
1323 	64 	1.6174e+07 	3.34646e+07 	4.44102e+06 	1.92014e+08 	-3.58712e+07 	2.70827e+07 	64000
1324 	64 	1.61724e+07 	3.34669e+07 	4.52185e+06 	1.92004e+08 	-3.61372e+07 	2.71698e+07 	64000
1325 	64 	1.61737e+07 	3.34705e+07 	4.493e+06 	1.92524e+08 	-3.58395e+07 	2.73598e+07 	64000
1326 	64 	1.61742e+07 	3.34613e+07 	4.50897e+06 	1.92211e+08 	-3.57459e+07 	2.7255e+07 	64000
1327 	64 	1.61732e+07 	3.34712e+07 	4.49705e+06 	1.92349e+08 	-3.58178e+07 	2.74858e+07 	64000
1328 	64 	1.61728e+07 	3.34671e+07 	4.46582e+06 	1.92294e+08 	-3.61782e+07 	2.72835e+07 	64000
1329 	64 	1.61716e+07 	3.34636e+07 	4.44222e+06 	1.92196e+08 	-3.58447e+07 	2.71456e+07 	64000
1330 	64 	1.61734e+07 	3.34707e+07 	4.46296e+06 	1.92526e+08 	-3.59707e+07 	2.73545e+07 	64000
1331 	64 	1.61711e+07 	3.34643e+07 	4.42886e+06 	1.9235e+08 	-3.58337e+07 	2.73957e+07 	64000
1332 	64 	1.61728e+07 	3.34614e+07 	4.47202e+06 	1.91977e+08 	-3.62567e+07 	2.70979e+07 	64000
1333 	64 	1.61754e+07 	3.34645e+07 	4.55999e+06 	1.92426e+08 	-3.57762e+07 	2.73437e+07 	64000
1334 	64 	1.61763e+07 	3.34684e+07 	4.51899e+06 	1.92325e+08 	-3.58164e+07 	2.72421e+07 	64000
1335 	64 	1.61665e+07 	3.34649e+07 	4.46296e+06 	1.92487e+08 	-3.57447e+07 	2.74521e+07 	64000
1336 	64 	1.61662e+07 	3.34659e+07 	4.498e+06 	1.9203e+08 	-3.63197e+07 	2.70734e+07 	64000
1337 	64 	1.61537e+07 	3.34593e+07 	4.41504e+06 	1.92506e+08 	-3.61792e+07 	2.78135e+07 	64000
1338 	64 	1.61513e+07 	3.34614e+07 	4.47106e+06 	1.92246e+08 	-3.58732e+07 	2.72673e+07 	64000
1339 	64 	1.61655e+07 	3.34669e+07 	4.47297e+06 	1.92492e+08 	-3.60778e+07 	2.74494e+07 	64000
1340 	64 	1.61555e+07 	3.34659e+07 	4.56286e+06 	1.92161e+08 	-3.60655e+07 	2.7159e+07 	64000
1341 	64 	1.6165e+07 	3.34668e+07 	4.54402e+06 	1.92503e+08 	-3.61366e+07 	2.75376e+07 	64000
1342 	64 	1.61734e+07 	3.34674e+07 	4.51016e+06 	1.92034e+08 	-3.57612e+07 	2.70264e+07 	64000
1343 	64 	1.6172e+07 	3.34643e+07 	4.56309e+06 	1.92396e+08 	-3.6705e+07 	2.75826e+07 	64000
1344 	64 	1.61732e+07 	3.34717e+07 	4.51994e+06 	1.92326e+08 	-3.60754e+07 	2.74029e+07 	64000
1345 	64 	1.61623e+07 	3.34626e+07 	4.47297e+06 	1.92044e+08 	-3.64347e+07 	2.71405e+07 	64000
1346 	64 	1.61647e+07 	3.34686e+07 	4.51207e+06 	1.92295e+08 	-3.57459e+07 	2.74816e+07 	64000
1347 	64 	1.61746e+07 	3.34717e+07 	4.426e+06 	1.92471e+08 	-3.56626e+07 	2.73849e+07 	64000
1348 	64 	1.61748e+07 	3.3463e+07 	4.54784e+06 	1.91946e+08 	-3.58492e+07 	2.69285e+07 	64000
1349 	64 	1.6174e+07 	3.34611e+07 	4.53687e+06 	1.92386e+08 	-3.58214e+07 	2.72648e+07 	64000
1350 	64 	1.61738e+07 	3.34665e+07 	4.46296e+06 	1.92057e+08 	-3.58756e+07 	2.70884e+07 	64000
1351 	64 	1.61556e+07 	3.34718e+07 	4.41408e+06 	1.92474e+08 	-3.57091e+07 	2.74089e+07 	64000
1352 	64 	1.61491e+07 	3.34574e+07 	4.40598e+06 	1.92507e+08 	-3.58041e+07 	2.74868e+07 	64000
1353 	64 	1.61463e+07 	3.34623e+07 	4.41194e+06 	1.92314e+08 	-3.59819e+07 	2.7414e+07 	64000
1354 	64 	1.6149e+07 	3.34604e+07 	4.49395e+06 	1.91973e+08 	-3.63138e+07 	2.70227e+07 	64000
1355 	64 	1.61616e+07 	3.34666e+07 	4.46701e+06 	1.92475e+08 	-3.58105e+07 	2.76758e+07 	64000
1356 	64 	1.61647e+07 	3.34719e+07 	4.47106e+06 	1.92256e+08 	-3.5848e+07 	2.72512e+07 	64000
1357 	64 	1.61709e+07 	3.34581e+07 	4.56095e+06 	1.92476e+08 	-3.63118e+07 	2.73619e+07 	64000
1358 	64 	1.61706e+07 	3.34619e+07 	4.565e+06 	1.92003e+08 	-3.6218e+07 	2.71124e+07 	64000
1359 	64 	1.61743e+07 	3.34632e+07 	4.58217e+06 	1.92186e+08 	-3.59638e+07 	2.71816e+07 	64000
1360 	64 	1.61737e+07 	3.34662e+07 	4.49419e+06 	1.92385e+08 	-3.60204e+07 	2.73883e+07 	64000
1361 	64 	1.61734e+07 	3.34661e+07 	4.51589e+06 	1.92375e+08 	-3.56198e+07 	2.73957e+07 	64000
1362 	64 	1.61729e+07 	3.34604e+07 	4.45509e+06 	1.9228e+08 	-3.61592e+07 	2.73284e+07 	64000


# Index 8: Results for ReduceForces_Cntl
1299 	64 	8.51171e+06 	5.61809e+06 	1.89495e+06 	6.6926e+07 	-2.74427e+07 	3.48294e+07 	64000
1300 	64 	8.51217e+06 	5.61173e+06 	1.88589e+06 	6.63869e+07 	-2.67798e+07 	3.44689e+07 	64000
1301 	64 	8.51058e+06 	5.62557e+06 	1.91212e+06 	6.6375e+07 	-2.69654e+07 	3.48153e+07 	64000
1302 	64 	8.50797e+06 	5.61157e+06 	1.90902e+06 	6.64921e+07 	-2.66758e+07 	3.49811e+07 	64000
1303 	64 	8.51685e+06 	5.61738e+06 	1.90401e+06 	6.67319e+07 	-2.70095e+07 	3.44846e+07 	64000
1304 	64 	8.51721e+06 	5.61989e+06 	1.88208e+06 	6.6772e+07 	-2.67194e+07 	3.47501e+07 	64000
1305 	64 	8.51559e+06 	5.60696e+06 	1.8971e+06 	6.7142e+07 	-2.67528e+07 	3.45658e+07 	64000
1306 	64 	8.51787e+06 	5.61282e+06 	1.90902e+06 	6.66659e+07 	-2.70337e+07 	3.48361e+07 	64000
1307 	64 	8.51851e+06 	5.62378e+06 	1.88994e+06 	6.6915e+07 	-2.71057e+07 	3.44822e+07 	64000
1308 	64 	8.52178e+06 	5.62953e+06 	1.89686e+06 	6.68378e+07 	-2.77802e+07 	3.59054e+07 	64000
1309 	64 	8.51835e+06 	5.61443e+06 	1.88994e+06 	6.71701e+07 	-2.64836e+07 	3.50479e+07 	64000
1310 	64 	8.51814e+06 	5.61136e+06 	1.91188e+06 	6.66392e+07 	-2.68179e+07 	3.47604e+07 	64000
1311 	64 	8.51922e+06 	5.62774e+06 	1.91188e+06 	6.6741e+07 	-2.74757e+07 	3.46814e+07 	64000
1312 	64 	8.52052e+06 	5.6212e+06 	1.90496e+06 	6.66258e+07 	-2.68643e+07 	3.44752e+07 	64000
1313 	64 	8.51936e+06 	5.61685e+06 	1.90806e+06 	6.66559e+07 	-2.63759e+07 	3.43592e+07 	64000
1314 	64 	8.5188e+06 	5.61754e+06 	1.9021e+06 	6.71799e+07 	-2.6924e+07 	3.4777e+07 	64000
1315 	64 	8.52972e+06 	5.61189e+06 	1.89495e+06 	6.6391e+07 	-2.76352e+07 	3.46728e+07 	64000
1316 	64 	8.51977e+06 	5.61174e+06 	1.91116e+06 	6.69281e+07 	-2.68675e+07 	3.4474e+07 	64000
1317 	64 	8.53191e+06 	5.62761e+06 	1.88804e+06 	6.72889e+07 	-2.71124e+07 	3.55647e+07 	64000
1318 	64 	8.54571e+06 	5.64746e+06 	1.86396e+06 	6.67541e+07 	-2.68878e+07 	3.49521e+07 	64000
1319 	64 	8.53042e+06 	5.64383e+06 	1.90616e+06 	6.74901e+07 	-2.71239e+07 	3.4388e+07 	64000
1320 	64 	8.52424e+06 	5.6139e+06 	1.93e+06 	6.73242e+07 	-2.71697e+07 	3.45163e+07 	64000
1321 	64 	8.52602e+06 	5.62495e+06 	1.89495e+06 	6.74541e+07 	-2.68398e+07 	3.49343e+07 	64000
1322 	64 	8.52906e+06 	5.63713e+06 	1.90592e+06 	6.71761e+07 	-2.67219e+07 	3.4977e+07 	64000
1323 	64 	8.53087e+06 	5.63798e+06 	1.90687e+06 	6.6833e+07 	-2.65747e+07 	3.48742e+07 	64000
1324 	64 	8.53077e+06 	5.63449e+06 	1.89805e+06 	6.70402e+07 	-2.66558e+07 	3.54494e+07 	64000
1325 	64 	8.52857e+06 	5.62956e+06 	1.894e+06 	6.70199e+07 	-2.69462e+07 	3.45661e+07 	64000
1326 	64 	8.52913e+06 	5.6262e+06 	1.92499e+06 	6.759e+07 	-2.6637e+07 	3.44731e+07 	64000
1327 	64 	8.52922e+06 	5.62478e+06 	1.91712e+06 	6.6895e+07 	-2.70172e+07 	3.47348e+07 	64000
1328 	64 	8.52762e+06 	5.62537e+06 	1.87492e+06 	6.65169e+07 	-2.66963e+07 	3.4757e+07 	64000
1329 	64 	8.52578e+06 	5.61586e+06 	1.88017e+06 	6.63121e+07 	-2.66478e+07 	3.48562e+07 	64000
1330 	64 	8.52724e+06 	5.62928e+06 	1.894e+06 	6.67698e+07 	-2.66867e+07 	3.48467e+07 	64000
1331 	64 	8.52428e+06 	5.64671e+06 	1.91784e+06 	6.65629e+07 	-2.69248e+07 	3.48374e+07 	64000
1332 	64 	8.52642e+06 	5.61999e+06 	1.91402e+06 	6.7368e+07 	-2.71016e+07 	3.4703e+07 	64000
1333 	64 	8.52887e+06 	5.63232e+06 	1.89495e+06 	6.6725e+07 	-2.68002e+07 	3.47711e+07 	64000
1334 	64 	8.52788e+06 	5.62644e+06 	1.90997e+06 	6.68411e+07 	-2.66702e+07 	3.46251e+07 	64000
1335 	64 	8.51863e+06 	5.61419e+06 	1.8971e+06 	6.70669e+07 	-2.70689e+07 	3.48947e+07 	64000
1336 	64 	8.51626e+06 	5.61014e+06 	1.90592e+06 	6.63779e+07 	-2.6969e+07 	3.49576e+07 	64000
1337 	64 	8.51478e+06 	5.60501e+06 	1.91903e+06 	6.6865e+07 	-2.7499e+07 	3.44343e+07 	64000
1338 	64 	8.51679e+06 	5.61458e+06 	1.92499e+06 	6.64229e+07 	-2.67154e+07 	3.47559e+07 	64000
1339 	64 	8.5288e+06 	5.63459e+06 	1.93191e+06 	6.72379e+07 	-2.70766e+07 	3.47538e+07 	64000
1340 	64 	8.52664e+06 	5.62367e+06 	1.86491e+06 	6.70779e+07 	-2.63465e+07 	3.4807e+07 	64000
1341 	64 	8.52535e+06 	5.62814e+06 	1.92118e+06 	6.67729e+07 	-2.67355e+07 	3.4568e+07 	64000
1342 	64 	8.5266e+06 	5.61954e+06 	1.89996e+06 	6.6798e+07 	-2.65509e+07 	3.50253e+07 	64000
1343 	64 	8.52752e+06 	5.62561e+06 	1.90306e+06 	6.6895e+07 	-2.74449e+07 	3.5542e+07 	64000
1344 	64 	8.53127e+06 	5.63498e+06 	1.90902e+06 	6.70769e+07 	-2.66467e+07 	3.44736e+07 	64000
1345 	64 	8.52532e+06 	5.62916e+06 	1.91212e+06 	6.6829e+07 	-2.66292e+07 	3.55087e+07 	64000
1346 	64 	8.52224e+06 	5.61322e+06 	1.89614e+06 	6.6432e+07 	-2.71295e+07 	3.45449e+07 	64000
1347 	64 	8.52e+06 	5.6273e+06 	1.90997e+06 	6.6781e+07 	-2.70495e+07 	3.45883e+07 	64000
1348 	64 	8.52818e+06 	5.63282e+06 	1.92404e+06 	6.70669e+07 	-2.66437e+07 	3.49595e+07 	64000
1349 	64 	8.5286e+06 	5.62453e+06 	1.8909e+06 	6.7287e+07 	-2.66055e+07 	3.47495e+07 	64000
1350 	64 	8.52129e+06 	5.61195e+06 	1.92499e+06 	6.59549e+07 	-2.68169e+07 	3.46555e+07 	64000
1351 	64 	8.51727e+06 	5.61484e+06 	1.90711e+06 	6.69079e+07 	-2.6746e+07 	3.4457e+07 	64000
1352 	64 	8.51775e+06 	5.61926e+06 	1.8959e+06 	6.64361e+07 	-2.68534e+07 	3.46935e+07 	64000
1353 	64 	8.5153e+06 	5.61203e+06 	1.91402e+06 	6.67229e+07 	-2.67744e+07 	3.49895e+07 	64000
1354 	64 	8.51955e+06 	5.62896e+06 	1.92213e+06 	6.69658e+07 	-2.63613e+07 	3.54155e+07 	64000
1355 	64 	8.52648e+06 	5.63629e+06 	1.86992e+06 	6.7246e+07 	-2.73357e+07 	3.41175e+07 	64000
1356 	64 	8.52403e+06 	5.62381e+06 	1.88804e+06 	6.7343e+07 	-2.66391e+07 	3.4841e+07 	64000
1357 	64 	8.53037e+06 	5.64517e+06 	1.91808e+06 	6.67448e+07 	-2.6751e+07 	3.49847e+07 	64000
1358 	64 	8.52661e+06 	5.61824e+06 	1.91712e+06 	6.65698e+07 	-2.66302e+07 	3.51314e+07 	64000
1359 	64 	8.5294e+06 	5.63466e+06 	1.91593e+06 	6.67579e+07 	-2.66258e+07 	3.4692e+07 	64000
1360 	64 	8.52661e+06 	5.6288e+06 	1.87492e+06 	6.7106e+07 	-2.72375e+07 	3.49058e+07 	64000
1361 	64 	8.52854e+06 	5.63477e+06 	1.899e+06 	6.70259e+07 	-2.67417e+07 	3.46124e+07 	64000
1362 	64 	8.52786e+06 	5.62854e+06 	1.9021e+06 	6.67989e+07 	-2.67115e+07 	3.43753e+07 	64000


# Index 9: Results for _remd_allreduce_energies_
1299 	64 	82160.1 	828536 	0 	9.62901e+06 	-1.24537e+11 	7.89317e+10 	64000
1300 	64 	76555.7 	776128 	0 	9.59611e+06 	-1.24543e+11 	7.8929e+10 	64000
1301 	64 	92065.5 	927026 	0 	1.20552e+07 	-5.8302e+10 	2.78903e+10 	64000
1302 	64 	96675 	967747 	0 	1.14839e+07 	-5.83052e+10 	2.78899e+10 	64000
1303 	64 	94653.2 	947195 	0 	1.11651e+07 	-6.21018e+10 	4.23214e+10 	64000
1304 	64 	101612 	1.02756e+06 	0 	1.3659e+07 	-6.20958e+10 	4.232e+10 	64000
1305 	64 	95150.3 	959747 	0 	1.24071e+07 	-4.97466e+10 	2.99663e+10 	64000
1306 	64 	95972.4 	969080 	0 	1.25411e+07 	-4.97448e+10 	2.99644e+10 	64000
1307 	64 	83245.6 	846941 	0 	1.1703e+07 	-1.18731e+11 	7.31448e+10 	64000
1308 	64 	86893.3 	874379 	0 	1.08602e+07 	-1.18731e+11 	7.31449e+10 	64000
1309 	64 	83804.5 	850834 	0 	1.21021e+07 	-6.51398e+10 	2.78901e+10 	64000
1310 	64 	88356.3 	897807 	0 	1.16611e+07 	-6.514e+10 	2.78893e+10 	64000
1311 	64 	80397.2 	813027 	0 	1.11382e+07 	-6.30205e+10 	2.78906e+10 	64000
1312 	64 	81539.4 	824013 	0 	1.0402e+07 	-6.30215e+10 	2.78905e+10 	64000
1313 	64 	68572.4 	692371 	0 	9.5551e+06 	-5.6298e+10 	3.65209e+10 	64000
1314 	64 	82756.3 	834332 	0 	9.80306e+06 	-5.62987e+10 	3.65208e+10 	64000
1315 	64 	31611.3 	386804 	0 	7.76911e+06 	-4.87809e+10 	2.78922e+10 	64000
1316 	64 	57924.9 	602398 	0 	8.72207e+06 	-4.87795e+10 	2.78923e+10 	64000
1317 	64 	25247.8 	298803 	0 	5.58209e+06 	-6.71967e+10 	2.78918e+10 	64000
1318 	64 	24184 	296051 	0 	6.1779e+06 	-6.71984e+10 	2.78917e+10 	64000
1319 	64 	43962.3 	460101 	0 	6.90198e+06 	-6.51125e+10 	2.78907e+10 	64000
1320 	64 	53466.9 	553350 	0 	7.98798e+06 	-6.51119e+10 	2.78912e+10 	64000
1321 	64 	51909.9 	536962 	0 	7.68304e+06 	-6.97599e+10 	4.99825e+10 	64000
1322 	64 	49160.2 	501363 	0 	7.03502e+06 	-6.97598e+10 	4.99819e+10 	64000
1323 	64 	45821.5 	479056 	0 	7.18999e+06 	-5.28538e+10 	3.30782e+10 	64000
1324 	64 	46270.9 	492664 	0 	6.86693e+06 	-5.28541e+10 	3.30774e+10 	64000
1325 	64 	48777.9 	504214 	0 	7.42102e+06 	-4.8533e+10 	2.79049e+10 	64000
1326 	64 	50211.5 	532714 	0 	8.322e+06 	-4.85346e+10 	2.79058e+10 	64000
1327 	64 	47539.1 	502674 	0 	8.01301e+06 	-5.11835e+10 	2.78915e+10 	64000
1328 	64 	49023.9 	497131 	0 	7.23386e+06 	-5.11843e+10 	2.78916e+10 	64000
1329 	64 	46838.3 	480919 	0 	6.15001e+06 	-6.72172e+10 	2.78913e+10 	64000
1330 	64 	46878.3 	492531 	0 	7.43103e+06 	-6.72193e+10 	2.78914e+10 	64000
1331 	64 	50099.7 	543375 	0 	8.26907e+06 	-4.85333e+10 	2.81892e+10 	64000
1332 	64 	50553.9 	528279 	0 	7.80797e+06 	-4.85339e+10 	2.81883e+10 	64000
1333 	64 	48100.9 	517760 	0 	9.97019e+06 	-4.85738e+10 	2.78907e+10 	64000
1334 	64 	53101.9 	557062 	0 	7.25603e+06 	-4.85731e+10 	2.7891e+10 	64000
1335 	64 	52329 	534417 	0 	8.42595e+06 	-1.13195e+11 	6.75857e+10 	64000
1336 	64 	56459.8 	581039 	0 	8.13293e+06 	-1.13194e+11 	6.75861e+10 	64000
1337 	64 	50887.5 	518515 	0 	6.44398e+06 	-1.39051e+11 	9.34401e+10 	64000
1338 	64 	49732.9 	519529 	0 	7.10893e+06 	-1.3905e+11 	9.34371e+10 	64000
1339 	64 	43857.8 	459907 	0 	6.86192e+06 	-5.03641e+10 	3.05816e+10 	64000
1340 	64 	34857.4 	381939 	0 	6.48498e+06 	-5.03631e+10 	3.0582e+10 	64000
1341 	64 	44281.6 	465242 	0 	5.93305e+06 	-1.30533e+11 	1.10756e+11 	64000
1342 	64 	50569.9 	521479 	0 	7.13801e+06 	-1.30533e+11 	1.10755e+11 	64000
1343 	64 	43794 	450822 	0 	6.11114e+06 	-4.85817e+10 	2.78927e+10 	64000
1344 	64 	40291.6 	433224 	0 	5.96404e+06 	-4.85824e+10 	2.78919e+10 	64000
1345 	64 	41061.6 	423668 	0 	5.98908e+06 	-5.27201e+10 	2.78913e+10 	64000
1346 	64 	50716.6 	520604 	0 	7.51615e+06 	-5.27188e+10 	2.78909e+10 	64000
1347 	64 	58998.2 	599767 	0 	7.95221e+06 	-5.29305e+10 	2.78918e+10 	64000
1348 	64 	49224.6 	508490 	0 	6.65808e+06 	-5.29306e+10 	2.78904e+10 	64000
1349 	64 	47689.5 	508165 	0 	7.6921e+06 	-5.72778e+10 	3.75015e+10 	64000
1350 	64 	55010.9 	556408 	0 	7.24506e+06 	-5.72803e+10 	3.75016e+10 	64000
1351 	64 	48661.3 	522440 	0 	8.50701e+06 	-1.32234e+11 	1.12457e+11 	64000
1352 	64 	43331.5 	469544 	0 	7.73501e+06 	-1.32233e+11 	1.12458e+11 	64000
1353 	64 	41783.6 	446472 	0 	6.76608e+06 	-1.24479e+11 	7.88589e+10 	64000
1354 	64 	43450.5 	469849 	0 	6.80304e+06 	-1.24476e+11 	7.88617e+10 	64000
1355 	64 	38979.6 	424710 	0 	6.36697e+06 	-1.29481e+11 	8.38724e+10 	64000
1356 	64 	47784.7 	492653 	0 	6.67e+06 	-1.2948e+11 	8.38719e+10 	64000
1357 	64 	46266.8 	500108 	0 	7.79605e+06 	-6.31186e+10 	2.78914e+10 	64000
1358 	64 	49326.9 	513527 	0 	6.76203e+06 	-6.31183e+10 	2.78912e+10 	64000
1359 	64 	45516.6 	468794 	0 	6.31213e+06 	-5.33997e+10 	2.78909e+10 	64000
1360 	64 	49857.5 	507514 	0 	6.531e+06 	-5.34002e+10 	2.78914e+10 	64000
1361 	64 	46633.7 	482715 	0 	6.93417e+06 	-4.85725e+10 	2.78915e+10 	64000
1362 	64 	49758.2 	520653 	0 	7.50113e+06 	-4.85739e+10 	2.78916e+10 	64000


# Index 10: Results for _remd_copy_energies_
1299 	64 	120.893 	1203.37 	0 	13114 	-1.62219e+17 	6.75756e+18 	64000
1300 	64 	121.277 	1207.15 	0 	13114 	-1.62219e+17 	6.75756e+18 	64000
1301 	64 	120.644 	1200.8 	0 	13113 	-1.62219e+17 	6.75756e+18 	64000
1302 	64 	120.495 	1199.23 	0 	13113 	-1.62219e+17 	6.75756e+18 	64000
1303 	64 	120.78 	1202.16 	0 	13113 	-1.62219e+17 	6.75756e+18 	64000
1304 	64 	121.038 	1204.89 	0 	13113 	-1.62219e+17 	6.75756e+18 	64000
1305 	64 	120.762 	1202.06 	0 	13113 	-1.62219e+17 	6.75756e+18 	64000
1306 	64 	120.624 	1200.57 	0 	13113 	-1.62219e+17 	6.75756e+18 	64000
1307 	64 	121.135 	1205.69 	0 	13114 	-1.62219e+17 	6.75756e+18 	64000
1308 	64 	121.076 	1205.1 	0 	13114 	-1.62219e+17 	6.75756e+18 	64000
1309 	64 	121.154 	1205.87 	0 	13114 	-1.62219e+17 	6.75756e+18 	64000
1310 	64 	121.083 	1205.15 	0 	13114 	-1.62219e+17 	6.75756e+18 	64000
1311 	64 	120.767 	1202.06 	0 	13113 	-1.62219e+17 	6.75756e+18 	64000
1312 	64 	120.703 	1201.43 	0 	13113 	-1.62219e+17 	6.75756e+18 	64000
1313 	64 	120.953 	1203.84 	0 	13114 	-1.62219e+17 	6.75756e+18 	64000
1314 	64 	120.987 	1204.25 	0 	13114 	-1.62219e+17 	6.75756e+18 	64000
1315 	64 	120.867 	1203.07 	0 	13113 	-1.62219e+17 	6.75756e+18 	64000
1316 	64 	121.06 	1205.03 	0 	13113 	-1.62219e+17 	6.75756e+18 	64000
1317 	64 	120.501 	1199.28 	0 	13113 	-1.62219e+17 	6.75756e+18 	64000
1318 	64 	120.595 	1200.29 	0 	13114 	-1.62219e+17 	6.75756e+18 	64000
1319 	64 	120.629 	1200.72 	0 	13113 	-1.62219e+17 	6.75756e+18 	64000
1320 	64 	120.465 	1199.01 	0 	13113 	-1.62219e+17 	6.75756e+18 	64000
1321 	64 	120.773 	1202.1 	0 	13113 	-1.62219e+17 	6.75756e+18 	64000
1322 	64 	120.993 	1204.33 	0 	13113 	-1.62219e+17 	6.75756e+18 	64000
1323 	64 	120.387 	1198.17 	0 	13113 	-1.62219e+17 	6.75756e+18 	64000
1324 	64 	120.551 	1199.92 	0 	13113 	-1.62219e+17 	6.75756e+18 	64000
1325 	64 	120.484 	1199.11 	0 	13113 	-1.62219e+17 	6.75756e+18 	64000
1326 	64 	120.766 	1201.9 	0 	13113 	-1.62219e+17 	6.75756e+18 	64000
1327 	64 	120.465 	1199.08 	0 	13113 	-1.62219e+17 	6.75756e+18 	64000
1328 	64 	120.48 	1199.25 	0 	13113 	-1.62219e+17 	6.75756e+18 	64000
1329 	64 	120.658 	1200.87 	0 	13113 	-1.62219e+17 	6.75756e+18 	64000
1330 	64 	120.718 	1201.48 	0 	13113 	-1.62219e+17 	6.75756e+18 	64000
1331 	64 	120.643 	1200.73 	0 	13113 	-1.62219e+17 	6.75756e+18 	64000
1332 	64 	120.569 	1199.97 	0 	13113 	-1.62219e+17 	6.75756e+18 	64000
1333 	64 	120.107 	1195.32 	0 	13113 	-1.62219e+17 	6.75756e+18 	64000
1334 	64 	120.304 	1197.33 	0 	13113 	-1.62219e+17 	6.75756e+18 	64000
1335 	64 	121.27 	1207.15 	0 	13113 	-1.62219e+17 	6.75756e+18 	64000
1336 	64 	121.132 	1205.73 	0 	13113 	-1.62219e+17 	6.75756e+18 	64000
1337 	64 	120.207 	1196.36 	0 	13113 	-1.62219e+17 	6.75756e+18 	64000
1338 	64 	120.304 	1197.34 	0 	13113 	-1.62219e+17 	6.75756e+18 	64000
1339 	64 	120.29 	1197.17 	0 	13114 	-1.62219e+17 	6.75756e+18 	64000
1340 	64 	120.081 	1195.08 	0 	13113 	-1.62219e+17 	6.75756e+18 	64000
1341 	64 	120.868 	1202.99 	0 	13114 	-1.62219e+17 	6.75756e+18 	64000
1342 	64 	120.607 	1200.34 	0 	13114 	-1.62219e+17 	6.75756e+18 	64000
1343 	64 	121.322 	1207.58 	0 	13113 	-1.62219e+17 	6.75756e+18 	64000
1344 	64 	120.975 	1204.1 	0 	13113 	-1.62219e+17 	6.75756e+18 	64000
1345 	64 	120.316 	1197.41 	0 	13113 	-1.62219e+17 	6.75756e+18 	64000
1346 	64 	120.293 	1197.26 	0 	13113 	-1.62219e+17 	6.75756e+18 	64000
1347 	64 	120.584 	1200.18 	0 	13114 	-1.62219e+17 	6.75756e+18 	64000
1348 	64 	120.461 	1198.94 	0 	13114 	-1.62219e+17 	6.75756e+18 	64000
1349 	64 	120.535 	1199.68 	0 	13113 	-1.62219e+17 	6.75756e+18 	64000
1350 	64 	120.591 	1200.21 	0 	13113 	-1.62219e+17 	6.75756e+18 	64000
1351 	64 	121.09 	1205.31 	0 	13113 	-1.62219e+17 	6.75756e+18 	64000
1352 	64 	121.153 	1205.97 	0 	13113 	-1.62219e+17 	6.75756e+18 	64000
1353 	64 	120.575 	1200.02 	0 	13113 	-1.62219e+17 	6.75756e+18 	64000
1354 	64 	120.892 	1203.32 	0 	13113 	-1.62219e+17 	6.75756e+18 	64000
1355 	64 	120.957 	1203.84 	0 	13113 	-1.62219e+17 	6.75756e+18 	64000
1356 	64 	121.073 	1205.07 	0 	13113 	-1.62219e+17 	6.75756e+18 	64000
1357 	64 	120.322 	1197.59 	0 	13113 	-1.62219e+17 	6.75756e+18 	64000
1358 	64 	120.386 	1198.32 	0 	13113 	-1.62219e+17 	6.75756e+18 	64000
1359 	64 	121.05 	1204.86 	0 	13114 	-1.62219e+17 	6.75756e+18 	64000
1360 	64 	121.281 	1207.17 	0 	13114 	-1.62219e+17 	6.75756e+18 	64000
1361 	64 	120.349 	1197.68 	0 	13113 	-1.62219e+17 	6.75756e+18 	64000
1362 	64 	120.647 	1200.75 	0 	13113 	-1.62219e+17 	6.75756e+18 	64000


# Index 11: Results for _remd_swapping_step
1299 	64 	184.721 	1839.34 	0 	20028 	-1442.09 	1124.89 	64000
1300 	64 	184.698 	1839.1 	0 	20028 	-1016.42 	1128.58 	64000
1301 	64 	184.276 	1834.63 	0 	20028 	-1251.83 	1122.08 	64000
1302 	64 	184.555 	1837.45 	0 	20028 	-1456.23 	1017.78 	64000
1303 	64 	184.967 	1841.57 	0 	20027 	-1284.7 	1024.58 	64000
1304 	64 	184.411 	1836.15 	0 	20027 	-1180.28 	1080.39 	64000
1305 	64 	184.149 	1833.46 	0 	20027 	-1006.22 	1036.19 	64000
1306 	64 	184.097 	1832.9 	0 	20027 	-946.625 	1009.45 	64000
1307 	64 	184.782 	1839.76 	0 	20028 	-1053.62 	1002.75 	64000
1308 	64 	184.76 	1839.57 	0 	20028 	-1165.77 	980.234 	64000
1309 	64 	184.656 	1838.59 	0 	20027 	-1013.09 	957.297 	64000
1310 	64 	184.905 	1841.07 	0 	20027 	-1225.42 	920.578 	64000
1311 	64 	185.043 	1842.31 	0 	20027 	-1258.83 	1031.62 	64000
1312 	64 	184.823 	1840.07 	0 	20027 	-1266.19 	1076.33 	64000
1313 	64 	184.464 	1836.61 	0 	20028 	-916.641 	954.406 	64000
1314 	64 	184.211 	1834.05 	0 	20028 	-1318.97 	995.359 	64000
1315 	64 	184.662 	1838.67 	0 	20028 	-871.641 	1061.77 	64000
1316 	64 	184.599 	1838.1 	0 	20028 	-1032.59 	1114.41 	64000
1317 	64 	184.931 	1841.33 	0 	20028 	-1233.17 	1236.38 	64000
1318 	64 	184.845 	1840.33 	0 	20028 	-894.625 	1289.58 	64000
1319 	64 	185.17 	1843.64 	0 	20028 	-1248.83 	998.078 	64000
1320 	64 	185.199 	1843.91 	0 	20027 	-1367.31 	1095.17 	64000
1321 	64 	185.244 	1844.4 	0 	20027 	-1073.28 	995.219 	64000
1322 	64 	185.166 	1843.63 	0 	20028 	-913.5 	1068.64 	64000
1323 	64 	184.954 	1841.41 	0 	20028 	-965.391 	946.875 	64000
1324 	64 	185.167 	1843.61 	0 	20028 	-1091.88 	1054.12 	64000
1325 	64 	184.817 	1840.36 	0 	20028 	-790.094 	953.562 	64000
1326 	64 	184.819 	1840.36 	0 	20028 	-1329.58 	1162.39 	64000
1327 	64 	184.882 	1840.73 	0 	20028 	-1031.17 	1021.22 	64000
1328 	64 	185.039 	1842.35 	0 	20028 	-1095.55 	1043.58 	64000
1329 	64 	184.99 	1841.77 	0 	20028 	-864.656 	1065.27 	64000
1330 	64 	184.953 	1841.31 	0 	20027 	-901.953 	1154.73 	64000
1331 	64 	185.424 	1846.2 	0 	20028 	-1062.45 	880.047 	64000
1332 	64 	185.174 	1843.66 	0 	20028 	-1061.34 	864.734 	64000
1333 	64 	184.776 	1839.78 	0 	20028 	-1289.14 	983.25 	64000
1334 	64 	184.911 	1841.2 	0 	20027 	-946.516 	1028.11 	64000
1335 	64 	185.054 	1842.58 	0 	20028 	-834.312 	913.109 	64000
1336 	64 	185.066 	1842.64 	0 	20028 	-1084.58 	1080.83 	64000
1337 	64 	184.744 	1839.44 	0 	20028 	-1237.22 	1113.66 	64000
1338 	64 	184.868 	1840.68 	0 	20028 	-1047.34 	950.188 	64000
1339 	64 	184.842 	1840.35 	0 	20028 	-1180.73 	1188.11 	64000
1340 	64 	184.868 	1840.71 	0 	20028 	-1323.3 	1001.38 	64000
1341 	64 	185.284 	1844.85 	0 	20028 	-928.047 	1217.95 	64000
1342 	64 	185.217 	1844.16 	0 	20028 	-1039.88 	1107.12 	64000
1343 	64 	185.323 	1845.28 	0 	20028 	-897.875 	1032.34 	64000
1344 	64 	184.97 	1841.63 	0 	20028 	-1177.78 	1064.84 	64000
1345 	64 	184.778 	1839.71 	0 	20027 	-1077.05 	1010.02 	64000
1346 	64 	184.559 	1837.52 	0 	20027 	-768.016 	1138.98 	64000
1347 	64 	184.908 	1841.11 	0 	20027 	-1270.89 	876.109 	64000
1348 	64 	184.943 	1841.48 	0 	20028 	-1047.19 	1098.81 	64000
1349 	64 	185.333 	1845.28 	0 	20028 	-965.188 	1180.81 	64000
1350 	64 	185.247 	1844.45 	0 	20028 	-1262.55 	1159.33 	64000
1351 	64 	185.207 	1843.98 	0 	20028 	-834.859 	1039.41 	64000
1352 	64 	184.99 	1841.84 	0 	20028 	-931.812 	946.547 	64000
1353 	64 	184.242 	1834.52 	0 	20028 	-1061.58 	976.328 	64000
1354 	64 	184.667 	1838.72 	0 	20028 	-1024.98 	968.938 	64000
1355 	64 	184.685 	1838.83 	0 	20027 	-1228.95 	1195.89 	64000
1356 	64 	184.666 	1838.53 	0 	20028 	-834.609 	994.422 	64000
1357 	64 	184.945 	1841.28 	0 	20028 	-1267.2 	995.016 	64000
1358 	64 	184.819 	1840.2 	0 	20028 	-1217.94 	968.719 	64000
1359 	64 	184.229 	1834.26 	0 	20028 	-730.578 	949.516 	64000
1360 	64 	184.543 	1837.45 	0 	20028 	-1038.88 	939.172 	64000
1361 	64 	183.515 	1827.11 	0 	20028 	-1147.94 	1065.98 	64000
1362 	64 	183.616 	1828.09 	0 	20028 	-1121.86 	1043.09 	64000
