# Statistics for grouped trace points from trace_group_id 109
# column 1: trace set id
# column 2: node count
# column 3: average
# column 4: std. dev
# column 5: min()
# column 6: max()
# column 7: minDev (deviation from average value computed for each ts)
# column 8: maxDev (deviation from average value computed for each ts)
# column 9: count()


# Index 0: Results for GlobalizePositions_Cntl
861 	32 	1.02783e+07 	3.24271e+06 	7.869e+06 	2.7426e+07 	-6.21431e+06 	7.15697e+06 	25664
862 	32 	1.04417e+07 	3.03892e+06 	7.854e+06 	2.6819e+07 	-8.13141e+06 	6.94844e+06 	25664
863 	32 	1.03998e+07 	3.04767e+06 	7.396e+06 	2.8468e+07 	-8.31178e+06 	5.01222e+06 	25664
864 	32 	1.03159e+07 	3.16161e+06 	7.632e+06 	2.9084e+07 	-5.79156e+06 	8.22562e+06 	25664
865 	32 	1.02223e+07 	3.053e+06 	7.776e+06 	2.8954e+07 	-7.51675e+06 	5.51647e+06 	25664
866 	32 	1.04594e+07 	3.21242e+06 	7.769e+06 	2.9615e+07 	-5.92231e+06 	5.53216e+06 	25664
867 	32 	1.04933e+07 	3.04643e+06 	7.837e+06 	2.7085e+07 	-8.46159e+06 	9.181e+06 	25664
868 	32 	1.0112e+07 	2.99803e+06 	7.808e+06 	2.682e+07 	-7.93725e+06 	5.10047e+06 	25664
869 	32 	1.01246e+07 	2.96126e+06 	7.796e+06 	2.7355e+07 	-6.43472e+06 	5.35103e+06 	25664
870 	32 	1.0303e+07 	3.1885e+06 	7.791e+06 	2.8073e+07 	-6.92953e+06 	8.85791e+06 	25664
871 	32 	9.97333e+06 	2.69145e+06 	7.732e+06 	2.856e+07 	-5.68709e+06 	5.21191e+06 	25664
872 	32 	1.03358e+07 	2.99325e+06 	7.891e+06 	2.8351e+07 	-7.83919e+06 	7.537e+06 	25664
873 	32 	1.02017e+07 	3.17831e+06 	7.787e+06 	2.9012e+07 	-8.14559e+06 	5.06766e+06 	25664
874 	32 	1.04383e+07 	3.1116e+06 	7.673e+06 	2.6241e+07 	-8.33125e+06 	6.26181e+06 	25664
875 	32 	1.04501e+07 	3.0007e+06 	7.967e+06 	3.0549e+07 	-5.46991e+06 	9.06128e+06 	25664
876 	32 	1.03837e+07 	3.11839e+06 	7.614e+06 	2.9831e+07 	-6.56141e+06 	5.68272e+06 	25664
877 	32 	1.059e+07 	3.30958e+06 	7.819e+06 	3.132e+07 	-7.40316e+06 	6.69081e+06 	25664
878 	32 	1.01362e+07 	2.89076e+06 	7.806e+06 	2.6168e+07 	-8.71141e+06 	6.25016e+06 	25664
879 	32 	1.04409e+07 	3.20298e+06 	7.894e+06 	2.7328e+07 	-5.07619e+06 	5.79934e+06 	25664
880 	32 	1.02832e+07 	2.87341e+06 	7.977e+06 	2.8477e+07 	-7.3285e+06 	7.962e+06 	25664
881 	32 	1.0042e+07 	2.88484e+06 	7.837e+06 	2.8007e+07 	-9.50681e+06 	7.55397e+06 	25664
882 	32 	1.03379e+07 	3.01247e+06 	7.825e+06 	2.7655e+07 	-5.97275e+06 	8.18009e+06 	25664
883 	32 	1.02893e+07 	2.89463e+06 	7.783e+06 	2.7915e+07 	-7.72697e+06 	5.58944e+06 	25664
884 	32 	1.02048e+07 	2.91241e+06 	7.828e+06 	2.8247e+07 	-8.18294e+06 	5.30509e+06 	25664
885 	32 	1.04363e+07 	3.14026e+06 	7.773e+06 	2.8587e+07 	-5.36238e+06 	5.12781e+06 	25664
886 	32 	1.03304e+07 	3.08553e+06 	7.706e+06 	2.8767e+07 	-7.65956e+06 	9.65709e+06 	25664
887 	32 	1.01708e+07 	3.17067e+06 	7.709e+06 	2.7043e+07 	-8.49872e+06 	4.857e+06 	25664
888 	32 	1.03092e+07 	3.14951e+06 	7.766e+06 	3.0872e+07 	-7.59734e+06 	4.52134e+06 	25664
889 	32 	1.03979e+07 	3.00884e+06 	7.671e+06 	2.7694e+07 	-6.54384e+06 	8.17137e+06 	25664
890 	32 	1.03761e+07 	3.23437e+06 	7.942e+06 	3.1655e+07 	-7.17847e+06 	4.63791e+06 	25664
891 	32 	1.02406e+07 	3.17373e+06 	7.797e+06 	2.9201e+07 	-8.25984e+06 	7.87644e+06 	25664
892 	32 	1.00827e+07 	2.99878e+06 	7.754e+06 	2.805e+07 	-7.939e+06 	6.63513e+06 	25664
893 	32 	1.03379e+07 	3.10864e+06 	7.856e+06 	2.7617e+07 	-7.05912e+06 	6.77381e+06 	25664
894 	32 	1.02853e+07 	3.00184e+06 	7.86e+06 	2.9488e+07 	-5.87916e+06 	6.25084e+06 	25664
895 	32 	1.07146e+07 	3.28875e+06 	8.014e+06 	2.8978e+07 	-8.26066e+06 	6.29825e+06 	25664
896 	32 	1.02305e+07 	2.96464e+06 	7.823e+06 	2.6723e+07 	-8.50391e+06 	5.94575e+06 	25664
897 	32 	1.00678e+07 	3.04737e+06 	7.736e+06 	2.9091e+07 	-7.92678e+06 	6.09269e+06 	25664
898 	32 	1.02597e+07 	3.16126e+06 	7.917e+06 	2.902e+07 	-6.98028e+06 	5.10291e+06 	25664
899 	32 	1.05833e+07 	3.14172e+06 	7.831e+06 	2.9508e+07 	-8.27809e+06 	4.98078e+06 	25664
900 	32 	1.03092e+07 	3.16949e+06 	7.977e+06 	3.1287e+07 	-8.51575e+06 	7.77184e+06 	25664
901 	32 	1.01773e+07 	2.96358e+06 	7.834e+06 	3.2371e+07 	-8.71137e+06 	4.61769e+06 	25664
902 	32 	1.00923e+07 	2.83256e+06 	7.89e+06 	3.0074e+07 	-8.21766e+06 	6.68728e+06 	25664
903 	32 	1.02539e+07 	2.9101e+06 	7.837e+06 	2.7578e+07 	-8.347e+06 	7.59559e+06 	25664
904 	32 	1.03229e+07 	2.77302e+06 	7.693e+06 	2.9661e+07 	-7.21778e+06 	5.68591e+06 	25664
905 	32 	1.05669e+07 	3.04934e+06 	7.699e+06 	2.7715e+07 	-8.45631e+06 	5.61975e+06 	25664
906 	32 	1.01419e+07 	2.97868e+06 	7.847e+06 	2.9129e+07 	-8.14075e+06 	7.36059e+06 	25664
907 	32 	1.034e+07 	3.14074e+06 	7.908e+06 	2.7609e+07 	-9.72544e+06 	5.85522e+06 	25664
908 	32 	1.03867e+07 	3.03434e+06 	7.759e+06 	3.143e+07 	-9.08503e+06 	5.12762e+06 	25664
909 	32 	1.0107e+07 	2.94414e+06 	7.843e+06 	2.8904e+07 	-6.45947e+06 	6.61784e+06 	25664
910 	32 	9.95617e+06 	2.85321e+06 	7.772e+06 	2.618e+07 	-7.26519e+06 	9.61713e+06 	25664
911 	32 	1.01401e+07 	2.77061e+06 	7.856e+06 	2.7558e+07 	-6.443e+06 	8.05475e+06 	25664
912 	32 	1.04282e+07 	2.82293e+06 	7.803e+06 	2.8421e+07 	-7.86078e+06 	5.34881e+06 	25664
913 	32 	1.03406e+07 	2.81786e+06 	7.904e+06 	2.8038e+07 	-7.52528e+06 	4.75881e+06 	25664
914 	32 	1.05821e+07 	3.11973e+06 	7.831e+06 	2.7102e+07 	-7.19403e+06 	8.51897e+06 	25664
915 	32 	1.04784e+07 	2.95679e+06 	7.81e+06 	2.8187e+07 	-7.92803e+06 	6.09206e+06 	25664
916 	32 	1.0023e+07 	2.92804e+06 	7.634e+06 	2.6811e+07 	-8.89031e+06 	5.68159e+06 	25664
917 	32 	1.05471e+07 	2.97904e+06 	7.925e+06 	2.7999e+07 	-7.57809e+06 	4.64113e+06 	25664
918 	32 	1.03144e+07 	3.0792e+06 	7.802e+06 	3.0378e+07 	-8.17559e+06 	5.69406e+06 	25664
919 	32 	1.02424e+07 	3.16683e+06 	7.847e+06 	2.9599e+07 	-7.43659e+06 	6.74994e+06 	25664
920 	32 	1.0409e+07 	3.18834e+06 	7.887e+06 	2.8066e+07 	-7.56866e+06 	9.20509e+06 	25664
921 	32 	1.04638e+07 	2.95464e+06 	7.709e+06 	2.8598e+07 	-7.58187e+06 	6.17431e+06 	25664
922 	32 	1.01808e+07 	3.09247e+06 	7.857e+06 	2.7784e+07 	-8.17116e+06 	5.18775e+06 	25664
923 	32 	1.01609e+07 	2.91266e+06 	7.728e+06 	2.7726e+07 	-9.29131e+06 	7.06059e+06 	25664
924 	32 	1.05507e+07 	3.0465e+06 	7.723e+06 	3.2235e+07 	-8.21828e+06 	4.744e+06 	25664


# Index 1: Results for P2_InitialBarrier
861 	32 	0 	0 	0 	0 	0 	0 	25664
862 	32 	0 	0 	0 	0 	0 	0 	25664
863 	32 	0 	0 	0 	0 	0 	0 	25664
864 	32 	0 	0 	0 	0 	0 	0 	25664
865 	32 	0 	0 	0 	0 	0 	0 	25664
866 	32 	0 	0 	0 	0 	0 	0 	25664
867 	32 	0 	0 	0 	0 	0 	0 	25664
868 	32 	0 	0 	0 	0 	0 	0 	25664
869 	32 	0 	0 	0 	0 	0 	0 	25664
870 	32 	0 	0 	0 	0 	0 	0 	25664
871 	32 	0 	0 	0 	0 	0 	0 	25664
872 	32 	0 	0 	0 	0 	0 	0 	25664
873 	32 	0 	0 	0 	0 	0 	0 	25664
874 	32 	0 	0 	0 	0 	0 	0 	25664
875 	32 	0 	0 	0 	0 	0 	0 	25664
876 	32 	0 	0 	0 	0 	0 	0 	25664
877 	32 	0 	0 	0 	0 	0 	0 	25664
878 	32 	0 	0 	0 	0 	0 	0 	25664
879 	32 	0 	0 	0 	0 	0 	0 	25664
880 	32 	0 	0 	0 	0 	0 	0 	25664
881 	32 	0 	0 	0 	0 	0 	0 	25664
882 	32 	0 	0 	0 	0 	0 	0 	25664
883 	32 	0 	0 	0 	0 	0 	0 	25664
884 	32 	0 	0 	0 	0 	0 	0 	25664
885 	32 	0 	0 	0 	0 	0 	0 	25664
886 	32 	0 	0 	0 	0 	0 	0 	25664
887 	32 	0 	0 	0 	0 	0 	0 	25664
888 	32 	0 	0 	0 	0 	0 	0 	25664
889 	32 	0 	0 	0 	0 	0 	0 	25664
890 	32 	0 	0 	0 	0 	0 	0 	25664
891 	32 	0 	0 	0 	0 	0 	0 	25664
892 	32 	0 	0 	0 	0 	0 	0 	25664
893 	32 	0 	0 	0 	0 	0 	0 	25664
894 	32 	0 	0 	0 	0 	0 	0 	25664
895 	32 	0 	0 	0 	0 	0 	0 	25664
896 	32 	0 	0 	0 	0 	0 	0 	25664
897 	32 	0 	0 	0 	0 	0 	0 	25664
898 	32 	0 	0 	0 	0 	0 	0 	25664
899 	32 	0 	0 	0 	0 	0 	0 	25664
900 	32 	0 	0 	0 	0 	0 	0 	25664
901 	32 	0 	0 	0 	0 	0 	0 	25664
902 	32 	0 	0 	0 	0 	0 	0 	25664
903 	32 	0 	0 	0 	0 	0 	0 	25664
904 	32 	0 	0 	0 	0 	0 	0 	25664
905 	32 	0 	0 	0 	0 	0 	0 	25664
906 	32 	0 	0 	0 	0 	0 	0 	25664
907 	32 	0 	0 	0 	0 	0 	0 	25664
908 	32 	0 	0 	0 	0 	0 	0 	25664
909 	32 	0 	0 	0 	0 	0 	0 	25664
910 	32 	0 	0 	0 	0 	0 	0 	25664
911 	32 	0 	0 	0 	0 	0 	0 	25664
912 	32 	0 	0 	0 	0 	0 	0 	25664
913 	32 	0 	0 	0 	0 	0 	0 	25664
914 	32 	0 	0 	0 	0 	0 	0 	25664
915 	32 	0 	0 	0 	0 	0 	0 	25664
916 	32 	0 	0 	0 	0 	0 	0 	25664
917 	32 	0 	0 	0 	0 	0 	0 	25664
918 	32 	0 	0 	0 	0 	0 	0 	25664
919 	32 	0 	0 	0 	0 	0 	0 	25664
920 	32 	0 	0 	0 	0 	0 	0 	25664
921 	32 	0 	0 	0 	0 	0 	0 	25664
922 	32 	0 	0 	0 	0 	0 	0 	25664
923 	32 	0 	0 	0 	0 	0 	0 	25664
924 	32 	0 	0 	0 	0 	0 	0 	25664


# Index 2: Results for P2_KSpace_Control
861 	32 	1.44295e+08 	7.84013e+06 	1.33114e+08 	1.73192e+08 	-1.30961e+07 	6.73975e+06 	25664
862 	32 	1.43867e+08 	8.28509e+06 	1.32812e+08 	1.72784e+08 	-6.61603e+06 	8.31366e+06 	25664
863 	32 	1.44304e+08 	8.0546e+06 	1.33089e+08 	1.73231e+08 	-1.26681e+07 	8.41156e+06 	25664
864 	32 	1.43824e+08 	8.25242e+06 	1.32656e+08 	1.72514e+08 	-8.37756e+06 	5.66416e+06 	25664
865 	32 	1.4347e+08 	8.02087e+06 	1.32752e+08 	1.69923e+08 	-6.82581e+06 	7.59075e+06 	25664
866 	32 	1.42844e+08 	7.9067e+06 	1.32838e+08 	1.74789e+08 	-8.89369e+06 	4.69512e+06 	25664
867 	32 	1.43441e+08 	8.19455e+06 	1.32788e+08 	1.74443e+08 	-8.59881e+06 	1.03373e+07 	25664
868 	32 	1.43645e+08 	7.65917e+06 	1.32721e+08 	1.75233e+08 	-1.15916e+07 	7.86309e+06 	25664
869 	32 	1.46592e+08 	8.9274e+06 	1.32784e+08 	1.75323e+08 	-1.17588e+07 	6.55019e+06 	25664
870 	32 	1.44481e+08 	8.70729e+06 	1.32832e+08 	1.75892e+08 	-8.24966e+06 	7.44044e+06 	25664
871 	32 	1.46616e+08 	8.50773e+06 	1.32995e+08 	1.76325e+08 	-1.21881e+07 	6.00166e+06 	25664
872 	32 	1.44499e+08 	8.54369e+06 	1.33005e+08 	1.72663e+08 	-1.01265e+07 	8.32369e+06 	25664
873 	32 	1.44796e+08 	9.06416e+06 	1.32807e+08 	1.72859e+08 	-1.45354e+07 	8.31881e+06 	25664
874 	32 	1.44223e+08 	8.6905e+06 	1.32603e+08 	1.73706e+08 	-9.84953e+06 	8.33425e+06 	25664
875 	32 	1.45352e+08 	9.50171e+06 	1.3308e+08 	1.734e+08 	-9.03519e+06 	5.43472e+06 	25664
876 	32 	1.44283e+08 	8.65555e+06 	1.32779e+08 	1.73202e+08 	-1.02753e+07 	6.21528e+06 	25664
877 	32 	1.43662e+08 	8.78685e+06 	1.33028e+08 	1.71258e+08 	-9.16619e+06 	7.28991e+06 	25664
878 	32 	1.45127e+08 	8.8842e+06 	1.32717e+08 	1.74242e+08 	-1.01322e+07 	8.86562e+06 	25664
879 	32 	1.43992e+08 	8.38303e+06 	1.33169e+08 	1.70469e+08 	-1.27001e+07 	5.57578e+06 	25664
880 	32 	1.45494e+08 	8.64599e+06 	1.33081e+08 	1.7017e+08 	-1.03523e+07 	7.53509e+06 	25664
881 	32 	1.47699e+08 	9.52018e+06 	1.32944e+08 	1.73842e+08 	-8.50256e+06 	8.18522e+06 	25664
882 	32 	1.43969e+08 	8.22256e+06 	1.32958e+08 	1.73839e+08 	-8.078e+06 	6.45497e+06 	25664
883 	32 	1.47496e+08 	9.48673e+06 	1.32991e+08 	1.72945e+08 	-9.94078e+06 	9.05278e+06 	25664
884 	32 	1.43662e+08 	7.74895e+06 	1.32643e+08 	1.71068e+08 	-1.50328e+07 	7.97519e+06 	25664
885 	32 	1.43745e+08 	8.87495e+06 	1.32842e+08 	1.72672e+08 	-6.99813e+06 	5.67378e+06 	25664
886 	32 	1.43352e+08 	8.56987e+06 	1.32818e+08 	1.74189e+08 	-1.01349e+07 	7.48612e+06 	25664
887 	32 	1.44402e+08 	8.48019e+06 	1.32888e+08 	1.73504e+08 	-1.26025e+07 	8.27903e+06 	25664
888 	32 	1.43607e+08 	8.4269e+06 	1.3294e+08 	1.73215e+08 	-8.77772e+06 	7.82856e+06 	25664
889 	32 	1.42372e+08 	7.58228e+06 	1.32617e+08 	1.72511e+08 	-8.29828e+06 	5.68012e+06 	25664
890 	32 	1.45935e+08 	9.28604e+06 	1.32988e+08 	1.75248e+08 	-8.94294e+06 	7.41234e+06 	25664
891 	32 	1.42908e+08 	7.3577e+06 	1.32736e+08 	1.7318e+08 	-1.05228e+07 	8.28575e+06 	25664
892 	32 	1.45731e+08 	9.42365e+06 	1.32906e+08 	1.74825e+08 	-9.28688e+06 	8.51575e+06 	25664
893 	32 	1.42061e+08 	7.6454e+06 	1.32802e+08 	1.73962e+08 	-1.13659e+07 	6.95969e+06 	25664
894 	32 	1.44246e+08 	8.8205e+06 	1.32899e+08 	1.6952e+08 	-6.67447e+06 	5.44325e+06 	25664
895 	32 	1.42399e+08 	7.94613e+06 	1.32948e+08 	1.73311e+08 	-9.43959e+06 	8.19894e+06 	25664
896 	32 	1.44121e+08 	8.90695e+06 	1.32897e+08 	1.73676e+08 	-6.41881e+06 	8.47697e+06 	25664
897 	32 	1.45453e+08 	8.83152e+06 	1.33285e+08 	1.73241e+08 	-1.18678e+07 	8.14303e+06 	25664
898 	32 	1.43559e+08 	8.10357e+06 	1.32844e+08 	1.72647e+08 	-1.28811e+07 	7.00984e+06 	25664
899 	32 	1.45785e+08 	9.2629e+06 	1.32786e+08 	1.73668e+08 	-9.28872e+06 	8.24525e+06 	25664
900 	32 	1.43884e+08 	7.95373e+06 	1.32869e+08 	1.74867e+08 	-1.04038e+07 	8.71575e+06 	25664
901 	32 	1.46701e+08 	9.49856e+06 	1.33048e+08 	1.73009e+08 	-1.06367e+07 	9.02997e+06 	25664
902 	32 	1.47718e+08 	9.55201e+06 	1.33077e+08 	1.73898e+08 	-1.21367e+07 	8.30819e+06 	25664
903 	32 	1.47132e+08 	9.3632e+06 	1.33293e+08 	1.73209e+08 	-1.27868e+07 	8.288e+06 	25664
904 	32 	1.4892e+08 	9.37351e+06 	1.33026e+08 	1.75146e+08 	-7.08041e+06 	7.00494e+06 	25664
905 	32 	1.43016e+08 	7.66902e+06 	1.33032e+08 	1.73586e+08 	-7.12831e+06 	8.53825e+06 	25664
906 	32 	1.43673e+08 	8.15287e+06 	1.32843e+08 	1.70355e+08 	-1.52996e+07 	7.67744e+06 	25664
907 	32 	1.42868e+08 	7.06306e+06 	1.32857e+08 	1.7071e+08 	-1.3034e+07 	9.69516e+06 	25664
908 	32 	1.44031e+08 	8.51013e+06 	1.33019e+08 	1.74264e+08 	-1.15813e+07 	9.143e+06 	25664
909 	32 	1.47295e+08 	8.19079e+06 	1.33019e+08 	1.75223e+08 	-6.90494e+06 	6.15931e+06 	25664
910 	32 	1.44377e+08 	8.11351e+06 	1.32966e+08 	1.73782e+08 	-1.48604e+07 	7.53053e+06 	25664
911 	32 	1.47062e+08 	8.72944e+06 	1.33006e+08 	1.7582e+08 	-8.80325e+06 	6.95481e+06 	25664
912 	32 	1.4423e+08 	8.65187e+06 	1.32869e+08 	1.73128e+08 	-1.30998e+07 	7.99081e+06 	25664
913 	32 	1.46086e+08 	1.0151e+07 	1.32946e+08 	1.74059e+08 	-9.40394e+06 	7.67869e+06 	25664
914 	32 	1.43847e+08 	8.04945e+06 	1.32865e+08 	1.74367e+08 	-8.24025e+06 	7.47972e+06 	25664
915 	32 	1.46151e+08 	1.01519e+07 	1.32833e+08 	1.74105e+08 	-1.05917e+07 	7.39878e+06 	25664
916 	32 	1.43683e+08 	7.34198e+06 	1.33022e+08 	1.73236e+08 	-1.21756e+07 	8.52603e+06 	25664
917 	32 	1.44122e+08 	9.52215e+06 	1.32973e+08 	1.74816e+08 	-1.27595e+07 	7.87269e+06 	25664
918 	32 	1.43962e+08 	8.46736e+06 	1.32748e+08 	1.70536e+08 	-1.05857e+07 	8.46838e+06 	25664
919 	32 	1.44225e+08 	9.35021e+06 	1.32908e+08 	1.75859e+08 	-1.19935e+07 	7.72772e+06 	25664
920 	32 	1.44078e+08 	8.37139e+06 	1.32814e+08 	1.73191e+08 	-9.41753e+06 	7.85075e+06 	25664
921 	32 	1.45254e+08 	8.88788e+06 	1.33092e+08 	1.74153e+08 	-5.13391e+06 	7.99781e+06 	25664
922 	32 	1.43722e+08 	7.90786e+06 	1.33045e+08 	1.73672e+08 	-1.5176e+07 	7.63394e+06 	25664
923 	32 	1.44727e+08 	8.8126e+06 	1.32887e+08 	1.74914e+08 	-8.29419e+06 	9.27441e+06 	25664
924 	32 	1.44239e+08 	8.78564e+06 	1.32665e+08 	1.76898e+08 	-9.46138e+06 	7.64406e+06 	25664


# Index 3: Results for P2_Simtick_Loop_Control
861 	32 	2.33645e+08 	1.30127e+08 	1.86449e+08 	1.11086e+09 	-8.02019e+06 	8.45156e+06 	25664
862 	32 	2.33126e+08 	1.42006e+08 	1.8309e+08 	1.64968e+09 	-8.46269e+06 	8.26922e+06 	25664
863 	32 	2.32951e+08 	1.29555e+08 	1.86037e+08 	1.22746e+09 	-8.91822e+06 	8.72094e+06 	25664
864 	32 	2.33537e+08 	1.40213e+08 	1.84284e+08 	1.46469e+09 	-7.55106e+06 	6.99253e+06 	25664
865 	32 	2.32345e+08 	1.29003e+08 	1.85591e+08 	1.13632e+09 	-6.77341e+06 	6.20891e+06 	25664
866 	32 	2.33318e+08 	1.35616e+08 	1.84559e+08 	1.30081e+09 	-8.23781e+06 	8.82728e+06 	25664
867 	32 	2.32343e+08 	1.38074e+08 	1.83778e+08 	1.38686e+09 	-7.40956e+06 	7.29325e+06 	25664
868 	32 	2.33163e+08 	1.25829e+08 	1.87713e+08 	1.16135e+09 	-8.60656e+06 	8.84437e+06 	25664
869 	32 	2.33452e+08 	1.30219e+08 	1.8548e+08 	1.39477e+09 	-6.88484e+06 	7.32531e+06 	25664
870 	32 	2.33523e+08 	1.34865e+08 	1.83698e+08 	1.5801e+09 	-6.91269e+06 	9.04366e+06 	25664
871 	32 	2.32766e+08 	1.24679e+08 	1.86657e+08 	1.09595e+09 	-8.15891e+06 	7.98237e+06 	25664
872 	32 	2.33606e+08 	1.32136e+08 	1.85624e+08 	1.51519e+09 	-5.71772e+06 	5.63041e+06 	25664
873 	32 	2.33155e+08 	1.26311e+08 	1.8779e+08 	1.15429e+09 	-7.29075e+06 	8.74113e+06 	25664
874 	32 	2.32525e+08 	1.41338e+08 	1.83218e+08 	1.41348e+09 	-6.42513e+06 	5.90753e+06 	25664
875 	32 	2.32828e+08 	1.28425e+08 	1.85568e+08 	1.18722e+09 	-7.72928e+06 	7.67997e+06 	25664
876 	32 	2.32983e+08 	1.37413e+08 	1.84474e+08 	1.30905e+09 	-6.33175e+06 	7.17884e+06 	25664
877 	32 	2.33417e+08 	1.4587e+08 	1.83135e+08 	1.52681e+09 	-7.33272e+06 	6.91619e+06 	25664
878 	32 	2.33361e+08 	1.40762e+08 	1.85128e+08 	1.73704e+09 	-1.02517e+07 	9.09147e+06 	25664
879 	32 	2.33288e+08 	1.34197e+08 	1.84632e+08 	1.48954e+09 	-7.16984e+06 	6.92584e+06 	25664
880 	32 	2.33187e+08 	1.29629e+08 	1.86104e+08 	1.17451e+09 	-9.00903e+06 	7.91566e+06 	25664
881 	32 	2.32729e+08 	1.24638e+08 	1.85977e+08 	1.04178e+09 	-7.43109e+06 	7.58409e+06 	25664
882 	32 	2.33748e+08 	1.41999e+08 	1.85617e+08 	1.62493e+09 	-8.28478e+06 	7.898e+06 	25664
883 	32 	2.32267e+08 	1.21792e+08 	1.86275e+08 	1.03756e+09 	-7.80247e+06 	8.57716e+06 	25664
884 	32 	2.33362e+08 	1.32189e+08 	1.86954e+08 	1.32194e+09 	-7.88497e+06 	8.02969e+06 	25664
885 	32 	2.335e+08 	1.38286e+08 	1.84075e+08 	1.43293e+09 	-7.7195e+06 	7.59756e+06 	25664
886 	32 	2.32645e+08 	1.36989e+08 	1.84755e+08 	1.3019e+09 	-8.37303e+06 	9.37806e+06 	25664
887 	32 	2.33359e+08 	1.30583e+08 	1.8742e+08 	1.31431e+09 	-8.09478e+06 	8.03663e+06 	25664
888 	32 	2.32706e+08 	1.34411e+08 	1.84996e+08 	1.14256e+09 	-7.48188e+06 	7.10709e+06 	25664
889 	32 	2.33539e+08 	1.43118e+08 	1.84057e+08 	1.56937e+09 	-6.4065e+06 	5.3045e+06 	25664
890 	32 	2.33608e+08 	1.41309e+08 	1.85169e+08 	1.5187e+09 	-5.39134e+06 	4.80881e+06 	25664
891 	32 	2.33345e+08 	1.36917e+08 	1.8692e+08 	1.30757e+09 	-6.93034e+06 	6.97794e+06 	25664
892 	32 	2.33482e+08 	1.36151e+08 	1.86205e+08 	1.41924e+09 	-9.50712e+06 	9.65991e+06 	25664
893 	32 	2.32987e+08 	1.3518e+08 	1.86698e+08 	1.41652e+09 	-6.71103e+06 	6.57238e+06 	25664
894 	32 	2.33623e+08 	1.45037e+08 	1.84288e+08 	1.52795e+09 	-9.06334e+06 	8.94166e+06 	25664
895 	32 	2.33013e+08 	1.42511e+08 	1.85249e+08 	1.82093e+09 	-5.43556e+06 	8.81359e+06 	25664
896 	32 	2.34124e+08 	1.51293e+08 	1.83673e+08 	1.97787e+09 	-5.48303e+06 	5.12263e+06 	25664
897 	32 	2.33346e+08 	1.34341e+08 	1.86738e+08 	1.30798e+09 	-7.87169e+06 	7.59509e+06 	25664
898 	32 	2.32792e+08 	1.31645e+08 	1.8708e+08 	1.35091e+09 	-8.11341e+06 	8.06559e+06 	25664
899 	32 	2.32959e+08 	1.47664e+08 	1.83102e+08 	1.63885e+09 	-9.38322e+06 	9.81275e+06 	25664
900 	32 	2.33226e+08 	1.36918e+08 	1.86123e+08 	1.33584e+09 	-8.62972e+06 	8.63897e+06 	25664
901 	32 	2.33276e+08 	1.30093e+08 	1.86557e+08 	1.24286e+09 	-6.90316e+06 	6.82191e+06 	25664
902 	32 	2.3332e+08 	1.34797e+08 	1.85025e+08 	1.32373e+09 	-6.97456e+06 	7.71763e+06 	25664
903 	32 	2.33118e+08 	1.27497e+08 	1.87317e+08 	1.19944e+09 	-8.83684e+06 	7.89425e+06 	25664
904 	32 	2.33388e+08 	1.35658e+08 	1.84603e+08 	1.34105e+09 	-4.68869e+06 	4.57766e+06 	25664
905 	32 	2.33543e+08 	1.41689e+08 	1.84381e+08 	1.45261e+09 	-8.95803e+06 	8.78906e+06 	25664
906 	32 	2.33312e+08 	1.28154e+08 	1.88051e+08 	1.28075e+09 	-8.24841e+06 	8.51175e+06 	25664
907 	32 	2.33285e+08 	1.34758e+08 	1.87555e+08 	1.25982e+09 	-8.92822e+06 	7.81503e+06 	25664
908 	32 	2.33626e+08 	1.41795e+08 	1.85444e+08 	1.53477e+09 	-1.07311e+07 	9.65319e+06 	25664
909 	32 	2.33507e+08 	1.3734e+08 	1.85989e+08 	1.4379e+09 	-5.20475e+06 	4.65394e+06 	25664
910 	32 	2.32662e+08 	1.21604e+08 	1.89134e+08 	1.09046e+09 	-9.16516e+06 	8.17959e+06 	25664
911 	32 	2.33397e+08 	1.29919e+08 	1.85824e+08 	1.34859e+09 	-5.42625e+06 	6.53222e+06 	25664
912 	32 	2.3264e+08 	1.28199e+08 	1.86317e+08 	1.2364e+09 	-7.94231e+06 	8.81341e+06 	25664
913 	32 	2.33223e+08 	1.34127e+08 	1.85597e+08 	1.22918e+09 	-6.12406e+06 	6.30022e+06 	25664
914 	32 	2.33469e+08 	1.44518e+08 	1.84288e+08 	1.4014e+09 	-8.45019e+06 	9.3925e+06 	25664
915 	32 	2.33137e+08 	1.36977e+08 	1.84646e+08 	1.37282e+09 	-9.53331e+06 	8.73238e+06 	25664
916 	32 	2.33312e+08 	1.3573e+08 	1.87583e+08 	1.27896e+09 	-7.72009e+06 	8.48038e+06 	25664
917 	32 	2.32945e+08 	1.33125e+08 	1.86655e+08 	1.23549e+09 	-1.10142e+07 	8.26828e+06 	25664
918 	32 	2.33142e+08 	1.3791e+08 	1.85805e+08 	1.26279e+09 	-7.25472e+06 	7.73809e+06 	25664
919 	32 	2.32886e+08 	1.31056e+08 	1.87251e+08 	1.14378e+09 	-9.34716e+06 	8.7925e+06 	25664
920 	32 	2.33298e+08 	1.43161e+08 	1.85943e+08 	1.497e+09 	-6.21256e+06 	6.87428e+06 	25664
921 	32 	2.33293e+08 	1.45503e+08 	1.83231e+08 	1.39259e+09 	-5.21397e+06 	4.73288e+06 	25664
922 	32 	2.33455e+08 	1.41744e+08 	1.86875e+08 	1.35681e+09 	-7.56322e+06 	7.47125e+06 	25664
923 	32 	2.33222e+08 	1.4588e+08 	1.84941e+08 	1.36602e+09 	-6.80437e+06 	6.97562e+06 	25664
924 	32 	2.33579e+08 	1.49518e+08 	1.84218e+08 	1.49452e+09 	-8.68197e+06 	8.10503e+06 	25664


# Index 4: Results for P3ME_ForwardFFT_Control
861 	32 	4.99751e+07 	4.61769e+06 	4.4574e+07 	6.5274e+07 	-7.18903e+06 	7.44906e+06 	25664
862 	32 	4.98593e+07 	4.63918e+06 	4.4699e+07 	6.5958e+07 	-8.45597e+06 	8.84325e+06 	25664
863 	32 	5.04218e+07 	4.92286e+06 	4.4742e+07 	6.469e+07 	-8.29356e+06 	5.04344e+06 	25664
864 	32 	4.98775e+07 	4.80921e+06 	4.4844e+07 	6.5389e+07 	-8.20206e+06 	7.70366e+06 	25664
865 	32 	4.94377e+07 	4.46119e+06 	4.4702e+07 	6.5269e+07 	-8.11216e+06 	9.773e+06 	25664
866 	32 	4.98796e+07 	4.57519e+06 	4.4529e+07 	6.5789e+07 	-7.93366e+06 	9.4775e+06 	25664
867 	32 	5.018e+07 	4.64459e+06 	4.4643e+07 	6.4891e+07 	-8.44275e+06 	5.77659e+06 	25664
868 	32 	4.94283e+07 	4.45065e+06 	4.4655e+07 	6.4736e+07 	-6.69325e+06 	7.03344e+06 	25664
869 	32 	5.20536e+07 	5.28049e+06 	4.4569e+07 	6.6005e+07 	-9.27572e+06 	9.09994e+06 	25664
870 	32 	4.9809e+07 	4.93783e+06 	4.4678e+07 	6.4963e+07 	-8.96081e+06 	5.71666e+06 	25664
871 	32 	5.11044e+07 	5.14051e+06 	4.4643e+07 	6.7512e+07 	-6.45294e+06 	9.65178e+06 	25664
872 	32 	5.08745e+07 	5.25936e+06 	4.4774e+07 	6.8093e+07 	-7.35128e+06 	7.44341e+06 	25664
873 	32 	4.9863e+07 	4.81172e+06 	4.4688e+07 	6.5229e+07 	-8.20428e+06 	9.21131e+06 	25664
874 	32 	4.96804e+07 	4.83034e+06 	4.4677e+07 	6.4874e+07 	-7.32078e+06 	8.90688e+06 	25664
875 	32 	5.15589e+07 	5.74447e+06 	4.4927e+07 	6.6931e+07 	-6.99916e+06 	8.33397e+06 	25664
876 	32 	5.05514e+07 	5.16329e+06 	4.4795e+07 	6.5922e+07 	-8.30694e+06 	7.45347e+06 	25664
877 	32 	4.9614e+07 	4.94165e+06 	4.4789e+07 	6.6774e+07 	-8.40856e+06 	8.55856e+06 	25664
878 	32 	5.05353e+07 	4.96584e+06 	4.4829e+07 	6.5407e+07 	-9.0985e+06 	9.26259e+06 	25664
879 	32 	5.04045e+07 	4.92388e+06 	4.4691e+07 	6.8426e+07 	-8.45003e+06 	7.17206e+06 	25664
880 	32 	5.0765e+07 	5.12621e+06 	4.464e+07 	6.5891e+07 	-6.742e+06 	6.30791e+06 	25664
881 	32 	5.16664e+07 	5.56508e+06 	4.4851e+07 	6.5832e+07 	-7.67166e+06 	8.65312e+06 	25664
882 	32 	5.01082e+07 	4.8529e+06 	4.4747e+07 	6.5703e+07 	-7.69331e+06 	8.59022e+06 	25664
883 	32 	5.21262e+07 	5.41381e+06 	4.4685e+07 	6.5716e+07 	-8.07675e+06 	7.81863e+06 	25664
884 	32 	4.96141e+07 	4.62361e+06 	4.4675e+07 	6.5675e+07 	-7.989e+06 	7.34872e+06 	25664
885 	32 	5.00394e+07 	5.03553e+06 	4.4791e+07 	6.4799e+07 	-7.35878e+06 	9.30041e+06 	25664
886 	32 	4.98548e+07 	4.83423e+06 	4.4639e+07 	6.5677e+07 	-8.3765e+06 	8.72025e+06 	25664
887 	32 	5.02009e+07 	4.84632e+06 	4.4754e+07 	6.5776e+07 	-8.08691e+06 	7.52291e+06 	25664
888 	32 	4.96911e+07 	4.67775e+06 	4.4734e+07 	6.4736e+07 	-7.01509e+06 	7.09144e+06 	25664
889 	32 	4.936e+07 	4.50983e+06 	4.4751e+07 	6.5215e+07 	-7.96869e+06 	8.86806e+06 	25664
890 	32 	5.06276e+07 	5.29721e+06 	4.4781e+07 	6.6393e+07 	-8.94997e+06 	8.76541e+06 	25664
891 	32 	4.93741e+07 	4.44777e+06 	4.4711e+07 	6.5111e+07 	-7.61131e+06 	7.77069e+06 	25664
892 	32 	5.14566e+07 	5.45245e+06 	4.4683e+07 	6.936e+07 	-7.22563e+06 	7.83484e+06 	25664
893 	32 	4.90367e+07 	4.10653e+06 	4.4752e+07 	6.5533e+07 	-8.17634e+06 	8.55587e+06 	25664
894 	32 	5.01876e+07 	5.02916e+06 	4.4739e+07 	6.6235e+07 	-7.91703e+06 	8.23219e+06 	25664
895 	32 	4.93129e+07 	4.61295e+06 	4.4651e+07 	6.6268e+07 	-7.37428e+06 	8.43294e+06 	25664
896 	32 	4.99352e+07 	5.09675e+06 	4.4698e+07 	6.5184e+07 	-7.76566e+06 	8.03391e+06 	25664
897 	32 	5.04393e+07 	4.70506e+06 	4.4711e+07 	6.6287e+07 	-7.26497e+06 	8.55212e+06 	25664
898 	32 	4.9856e+07 	4.45993e+06 	4.4731e+07 	6.5916e+07 	-7.17922e+06 	8.12041e+06 	25664
899 	32 	5.14031e+07 	5.58736e+06 	4.4768e+07 	6.5262e+07 	-8.89913e+06 	8.037e+06 	25664
900 	32 	5.00143e+07 	5.05702e+06 	4.4795e+07 	6.7097e+07 	-5.39997e+06 	6.14281e+06 	25664
901 	32 	5.13991e+07 	5.40587e+06 	4.4764e+07 	6.5544e+07 	-8.35019e+06 	8.36344e+06 	25664
902 	32 	5.16867e+07 	5.28473e+06 	4.4727e+07 	6.5979e+07 	-7.99828e+06 	8.71687e+06 	25664
903 	32 	5.17555e+07 	5.58006e+06 	4.4762e+07 	6.6301e+07 	-7.97653e+06 	7.168e+06 	25664
904 	32 	5.32908e+07 	5.69746e+06 	4.4705e+07 	6.5718e+07 	-7.46587e+06 	8.61369e+06 	25664
905 	32 	4.96602e+07 	4.61075e+06 	4.4678e+07 	6.5385e+07 	-5.40419e+06 	9.38516e+06 	25664
906 	32 	4.94729e+07 	4.44902e+06 	4.4791e+07 	6.4745e+07 	-8.36563e+06 	8.47516e+06 	25664
907 	32 	4.9401e+07 	4.04006e+06 	4.4712e+07 	6.5681e+07 	-6.58584e+06 	8.51875e+06 	25664
908 	32 	5.04668e+07 	5.03378e+06 	4.4868e+07 	6.4778e+07 	-7.9985e+06 	8.34438e+06 	25664
909 	32 	5.10253e+07 	5.10842e+06 	4.4868e+07 	6.6383e+07 	-7.95369e+06 	8.63312e+06 	25664
910 	32 	5.001e+07 	4.3754e+06 	4.4681e+07 	6.5288e+07 	-8.60356e+06 	8.10112e+06 	25664
911 	32 	5.23111e+07 	5.07655e+06 	4.4746e+07 	6.651e+07 	-8.12044e+06 	6.54006e+06 	25664
912 	32 	5.06374e+07 	5.12894e+06 	4.4702e+07 	6.5499e+07 	-8.114e+06 	5.52075e+06 	25664
913 	32 	5.09913e+07 	5.61505e+06 	4.4693e+07 	6.6192e+07 	-8.85938e+06 	8.85891e+06 	25664
914 	32 	5.02922e+07 	4.80128e+06 	4.4893e+07 	6.5768e+07 	-7.28744e+06 	1.10195e+07 	25664
915 	32 	5.13448e+07 	5.98512e+06 	4.4707e+07 	6.5897e+07 	-6.92244e+06 	7.83797e+06 	25664
916 	32 	4.95729e+07 	4.16688e+06 	4.466e+07 	6.5693e+07 	-6.54009e+06 	7.26525e+06 	25664
917 	32 	5.04238e+07 	5.30287e+06 	4.4741e+07 	6.6418e+07 	-7.74519e+06 	8.42909e+06 	25664
918 	32 	5.01785e+07 	4.97204e+06 	4.4785e+07 	6.58e+07 	-8.49369e+06 	8.73188e+06 	25664
919 	32 	5.01165e+07 	5.31825e+06 	4.4604e+07 	6.7108e+07 	-7.82453e+06 	7.30381e+06 	25664
920 	32 	5.00193e+07 	4.92195e+06 	4.4755e+07 	6.5892e+07 	-7.78753e+06 	6.45919e+06 	25664
921 	32 	5.0104e+07 	5.09592e+06 	4.4775e+07 	6.5065e+07 	-8.53741e+06 	8.90691e+06 	25664
922 	32 	4.93388e+07 	4.17559e+06 	4.4664e+07 	6.4644e+07 	-7.57306e+06 	8.08259e+06 	25664
923 	32 	5.08599e+07 	5.13358e+06 	4.4749e+07 	6.5409e+07 	-5.58131e+06 	7.43153e+06 	25664
924 	32 	5.06813e+07 	5.1005e+06 	4.476e+07 	6.623e+07 	-8.29622e+06 	8.49897e+06 	25664


# Index 5: Results for P3ME_Rev_FFT
861 	32 	5.1329e+07 	4.93552e+06 	4.5649e+07 	7.0768e+07 	-7.41603e+06 	7.14141e+06 	25664
862 	32 	5.10046e+07 	5.13867e+06 	4.5524e+07 	7.1017e+07 	-8.605e+06 	8.20631e+06 	25664
863 	32 	5.08628e+07 	4.59645e+06 	4.5627e+07 	7.0425e+07 	-4.88825e+06 	8.12547e+06 	25664
864 	32 	5.09756e+07 	4.57705e+06 	4.553e+07 	6.9252e+07 	-5.71381e+06 	7.43487e+06 	25664
865 	32 	5.10564e+07 	4.74895e+06 	4.5559e+07 	7.1416e+07 	-9.64047e+06 	7.999e+06 	25664
866 	32 	5.0073e+07 	5.00479e+06 	4.5553e+07 	7.1189e+07 	-9.07053e+06 	8.28659e+06 	25664
867 	32 	5.02598e+07 	4.71098e+06 	4.5559e+07 	7.1038e+07 	-6.02488e+06 	8.42856e+06 	25664
868 	32 	5.12661e+07 	4.52287e+06 	4.5493e+07 	6.7247e+07 	-7.38191e+06 	6.24453e+06 	25664
869 	32 	5.1508e+07 	5.13865e+06 	4.5629e+07 	7.028e+07 	-8.53847e+06 	7.35166e+06 	25664
870 	32 	5.16616e+07 	5.13545e+06 	4.5663e+07 	7.0735e+07 	-5.81997e+06 	8.85009e+06 	25664
871 	32 	5.25768e+07 	4.81799e+06 	4.5586e+07 	6.9823e+07 	-1.01712e+07 	5.21819e+06 	25664
872 	32 	5.05832e+07 	4.69559e+06 	4.5657e+07 	7.0186e+07 	-7.45322e+06 	6.81663e+06 	25664
873 	32 	5.19915e+07 	5.58693e+06 	4.5601e+07 	7.0812e+07 	-8.73872e+06 	8.30947e+06 	25664
874 	32 	5.14847e+07 	5.45681e+06 	4.5616e+07 	7.0526e+07 	-8.93622e+06 	7.08778e+06 	25664
875 	32 	5.07851e+07 	4.96105e+06 	4.5642e+07 	7.0149e+07 	-7.79053e+06 	6.90303e+06 	25664
876 	32 	5.07589e+07 	4.69823e+06 	4.5593e+07 	7.0929e+07 	-6.85925e+06 	7.96178e+06 	25664
877 	32 	5.10759e+07 	5.17453e+06 	4.5609e+07 	7.0838e+07 	-7.99428e+06 	7.77566e+06 	25664
878 	32 	5.16575e+07 	5.4434e+06 	4.5556e+07 	7.1169e+07 	-9.22913e+06 	7.53953e+06 	25664
879 	32 	5.06046e+07 	4.51554e+06 	4.5608e+07 	7.0345e+07 	-6.57569e+06 	8.298e+06 	25664
880 	32 	5.1735e+07 	4.81148e+06 	4.5593e+07 	7.0015e+07 	-5.92609e+06 	6.49172e+06 	25664
881 	32 	5.30879e+07 	5.50853e+06 	4.5598e+07 	7.0666e+07 	-7.88734e+06 	6.91738e+06 	25664
882 	32 	5.08601e+07 	5.11369e+06 	4.5572e+07 	7.0691e+07 	-8.55919e+06 	7.69175e+06 	25664
883 	32 	5.23247e+07 	5.32659e+06 	4.564e+07 	7.0023e+07 	-6.19122e+06 	7.6505e+06 	25664
884 	32 	5.10704e+07 	4.71476e+06 	4.5563e+07 	6.8812e+07 	-4.61581e+06 	7.51519e+06 	25664
885 	32 	5.07103e+07 	5.15128e+06 	4.5509e+07 	7.1735e+07 	-9.12341e+06 	7.32066e+06 	25664
886 	32 	5.04912e+07 	4.87623e+06 	4.5564e+07 	7.1088e+07 	-9.31962e+06 	8.13606e+06 	25664
887 	32 	5.12238e+07 	4.79925e+06 	4.5514e+07 	7.1385e+07 	-6.55578e+06 	7.87359e+06 	25664
888 	32 	5.09375e+07 	4.80271e+06 	4.5492e+07 	7.0603e+07 	-6.91159e+06 	7.65603e+06 	25664
889 	32 	4.99991e+07 	4.67311e+06 	4.5593e+07 	7.0807e+07 	-9.06331e+06 	6.98166e+06 	25664
890 	32 	5.23642e+07 	5.62206e+06 	4.5641e+07 	7.2288e+07 	-8.61409e+06 	8.65109e+06 	25664
891 	32 	5.05216e+07 	4.19039e+06 	4.5536e+07 	7.0188e+07 	-6.11156e+06 	7.29319e+06 	25664
892 	32 	5.13192e+07 	5.07651e+06 	4.5604e+07 	7.1915e+07 	-7.62803e+06 	8.53791e+06 	25664
893 	32 	5.00716e+07 	4.69138e+06 	4.5608e+07 	7.1346e+07 	-8.51669e+06 	8.23284e+06 	25664
894 	32 	5.11481e+07 	5.17848e+06 	4.5553e+07 	7.1596e+07 	-7.07881e+06 	8.24319e+06 	25664
895 	32 	5.00876e+07 	4.42667e+06 	4.5552e+07 	7.0274e+07 	-8.45122e+06 	7.28128e+06 	25664
896 	32 	5.11909e+07 	4.99935e+06 	4.5595e+07 	7.0625e+07 	-5.84406e+06 	7.28403e+06 	25664
897 	32 	5.21133e+07 	5.32437e+06 	4.5672e+07 	7.0783e+07 	-8.64516e+06 	7.49334e+06 	25664
898 	32 	5.06568e+07 	5.1915e+06 	4.5512e+07 	7.1403e+07 	-7.85519e+06 	6.50909e+06 	25664
899 	32 	5.12871e+07 	5.141e+06 	4.5597e+07 	7.1261e+07 	-5.61169e+06 	8.33981e+06 	25664
900 	32 	5.09148e+07 	4.72316e+06 	4.5576e+07 	6.7109e+07 	-5.52737e+06 	7.23363e+06 	25664
901 	32 	5.23951e+07 	5.60743e+06 	4.5614e+07 	7.0597e+07 	-9.02094e+06 	8.00406e+06 	25664
902 	32 	5.30946e+07 	5.45402e+06 	4.56e+07 	7.1742e+07 	-8.52675e+06 	8.58341e+06 	25664
903 	32 	5.23872e+07 	5.23878e+06 	4.564e+07 	7.104e+07 	-6.73856e+06 	7.31284e+06 	25664
904 	32 	5.26628e+07 	5.11179e+06 	4.5564e+07 	7.0105e+07 	-8.59213e+06 	7.569e+06 	25664
905 	32 	5.03968e+07 	4.65693e+06 	4.5608e+07 	7.083e+07 	-8.62588e+06 	5.04247e+06 	25664
906 	32 	5.12625e+07 	4.99493e+06 	4.5564e+07 	7.1456e+07 	-8.53044e+06 	8.88044e+06 	25664
907 	32 	5.05062e+07 	4.41983e+06 	4.5593e+07 	6.9593e+07 	-8.11156e+06 	5.41828e+06 	25664
908 	32 	5.06126e+07 	4.5796e+06 	4.5667e+07 	7.0168e+07 	-7.18409e+06 	7.95247e+06 	25664
909 	32 	5.34531e+07 	5.09808e+06 	4.5607e+07 	7.112e+07 	-8.49188e+06 	7.08266e+06 	25664
910 	32 	5.15511e+07 	5.00714e+06 	4.5587e+07 	7.1066e+07 	-7.34944e+06 	8.2255e+06 	25664
911 	32 	5.18612e+07 	4.55144e+06 	4.5601e+07 	7.1082e+07 	-6.34375e+06 	8.36306e+06 	25664
912 	32 	5.0606e+07 	4.72137e+06 	4.5598e+07 	6.9945e+07 	-5.05919e+06 	8.03522e+06 	25664
913 	32 	5.21147e+07 	5.84684e+06 	4.559e+07 	7.0587e+07 	-8.91197e+06 	7.84506e+06 	25664
914 	32 	5.0554e+07 	5.00473e+06 	4.5584e+07 	7.1621e+07 	-1.10481e+07 	6.21844e+06 	25664
915 	32 	5.17939e+07 	5.45472e+06 	4.5599e+07 	6.9643e+07 	-5.05584e+06 	6.64288e+06 	25664
916 	32 	5.12582e+07 	4.54743e+06 	4.5614e+07 	7.0204e+07 	-6.26816e+06 	6.19319e+06 	25664
917 	32 	5.07326e+07 	5.33611e+06 	4.5596e+07 	7.2805e+07 	-8.46791e+06 	7.43509e+06 	25664
918 	32 	5.07945e+07 	4.92691e+06 	4.5584e+07 	7.0963e+07 	-8.48994e+06 	8.38675e+06 	25664
919 	32 	5.12381e+07 	5.21282e+06 	4.552e+07 	6.9978e+07 	-6.79872e+06 	7.40544e+06 	25664
920 	32 	5.11939e+07 	4.81135e+06 	4.5581e+07 	6.9986e+07 	-6.73578e+06 	7.29972e+06 	25664
921 	32 	5.22159e+07 	5.44702e+06 	4.5568e+07 	7.1571e+07 	-8.75222e+06 	8.15425e+06 	25664
922 	32 	5.14597e+07 	4.87827e+06 	4.5709e+07 	7.1898e+07 	-8.51606e+06 	7.57378e+06 	25664
923 	32 	5.0975e+07 	4.75063e+06 	4.5624e+07 	7.0048e+07 	-6.92881e+06 	4.60162e+06 	25664
924 	32 	5.06349e+07 	4.68648e+06 	4.5588e+07 	7.322e+07 	-7.75253e+06 	7.84563e+06 	25664


# Index 6: Results for RealSpaceAddForces
861 	32 	6.45263e+06 	3.3177e+06 	4.166e+06 	2.0426e+07 	-3.05747e+06 	1.06706e+06 	25664
862 	32 	6.43353e+06 	3.28033e+06 	4.215e+06 	2.0383e+07 	-3.07031e+06 	1.02616e+06 	25664
863 	32 	6.41993e+06 	3.23944e+06 	4.306e+06 	2.0366e+07 	-3.04025e+06 	1.03453e+06 	25664
864 	32 	6.43082e+06 	3.28237e+06 	4.21e+06 	2.0381e+07 	-3.05756e+06 	1.02059e+06 	25664
865 	32 	6.434e+06 	3.27906e+06 	4.309e+06 	2.0392e+07 	-3.016e+06 	1.03491e+06 	25664
866 	32 	6.42638e+06 	3.29499e+06 	3.984e+06 	2.0423e+07 	-3.04691e+06 	1.03991e+06 	25664
867 	32 	6.4188e+06 	3.28865e+06 	4.096e+06 	2.0419e+07 	-2.99969e+06 	1.05178e+06 	25664
868 	32 	6.44255e+06 	3.28126e+06 	4.248e+06 	2.0406e+07 	-3.01509e+06 	1.03275e+06 	25664
869 	32 	6.43377e+06 	3.27812e+06 	4.04e+06 	2.0383e+07 	-3.03003e+06 	1.03744e+06 	25664
870 	32 	6.45316e+06 	3.30479e+06 	4.346e+06 	2.036e+07 	-3.03431e+06 	1.01844e+06 	25664
871 	32 	6.44117e+06 	3.27502e+06 	4.304e+06 	2.0363e+07 	-3.02903e+06 	1.01747e+06 	25664
872 	32 	6.44356e+06 	3.28583e+06 	3.985e+06 	2.0495e+07 	-3.03809e+06 	1.11175e+06 	25664
873 	32 	6.42321e+06 	3.24769e+06 	4.3e+06 	2.0448e+07 	-3.11331e+06 	1.07763e+06 	25664
874 	32 	6.4051e+06 	3.21291e+06 	4.206e+06 	2.0378e+07 	-3.07056e+06 	1.04163e+06 	25664
875 	32 	6.42011e+06 	3.24514e+06 	4.262e+06 	2.0422e+07 	-3.01631e+06 	1.05675e+06 	25664
876 	32 	6.41316e+06 	3.24954e+06 	4.262e+06 	2.0391e+07 	-3.04528e+06 	1.03456e+06 	25664
877 	32 	6.41467e+06 	3.25158e+06 	4.135e+06 	2.0404e+07 	-3.01309e+06 	1.03922e+06 	25664
878 	32 	6.41535e+06 	3.24693e+06 	4.099e+06 	2.0381e+07 	-3.00328e+06 	1.03706e+06 	25664
879 	32 	6.45704e+06 	3.3135e+06 	4.163e+06 	2.0411e+07 	-3.04684e+06 	1.03537e+06 	25664
880 	32 	6.4364e+06 	3.2805e+06 	4.31e+06 	2.0387e+07 	-3.01097e+06 	1.03322e+06 	25664
881 	32 	6.42443e+06 	3.24156e+06 	4.336e+06 	2.0362e+07 	-2.99881e+06 	1.01519e+06 	25664
882 	32 	6.4202e+06 	3.2452e+06 	4.33e+06 	2.0374e+07 	-3.06675e+06 	1.03325e+06 	25664
883 	32 	6.43596e+06 	3.24148e+06 	4.319e+06 	2.0402e+07 	-3.04584e+06 	1.05772e+06 	25664
884 	32 	6.41577e+06 	3.24498e+06 	4.269e+06 	2.0386e+07 	-3.05412e+06 	1.03703e+06 	25664
885 	32 	6.43861e+06 	3.27679e+06 	4.212e+06 	2.038e+07 	-3.02281e+06 	1.03172e+06 	25664
886 	32 	6.3855e+06 	3.2249e+06 	4.138e+06 	2.045e+07 	-3.04862e+06 	1.083e+06 	25664
887 	32 	6.40798e+06 	3.21572e+06 	4.238e+06 	2.0405e+07 	-3.02491e+06 	1.04506e+06 	25664
888 	32 	6.41648e+06 	3.24596e+06 	4.218e+06 	2.0387e+07 	-2.99062e+06 	1.04131e+06 	25664
889 	32 	6.43604e+06 	3.28093e+06 	4.281e+06 	2.0439e+07 	-3.04906e+06 	1.06291e+06 	25664
890 	32 	6.43005e+06 	3.24808e+06 	4.131e+06 	2.0441e+07 	-3.06597e+06 	1.08241e+06 	25664
891 	32 	6.40671e+06 	3.20926e+06 	4.287e+06 	2.0347e+07 	-3.00419e+06 	1.01681e+06 	25664
892 	32 	6.4049e+06 	3.21275e+06 	4.24e+06 	2.038e+07 	-3.04641e+06 	1.02772e+06 	25664
893 	32 	6.40144e+06 	3.22036e+06 	4.201e+06 	2.0397e+07 	-3.03475e+06 	1.03406e+06 	25664
894 	32 	6.40177e+06 	3.21909e+06 	4.218e+06 	2.0382e+07 	-3.01641e+06 	1.02228e+06 	25664
895 	32 	6.42775e+06 	3.23766e+06 	4.342e+06 	2.0365e+07 	-3.00837e+06 	1.02812e+06 	25664
896 	32 	6.42383e+06 	3.23873e+06 	4.29e+06 	2.0357e+07 	-2.98538e+06 	1.01966e+06 	25664
897 	32 	6.42091e+06 	3.24077e+06 	4.319e+06 	2.039e+07 	-3.05519e+06 	1.04919e+06 	25664
898 	32 	6.40554e+06 	3.22334e+06 	4.041e+06 	2.0441e+07 	-3.07678e+06 	1.07684e+06 	25664
899 	32 	6.39802e+06 	3.23371e+06 	4.068e+06 	2.0479e+07 	-3.03053e+06 	1.08359e+06 	25664
900 	32 	6.39327e+06 	3.21763e+06 	4.236e+06 	2.0395e+07 	-3.06747e+06 	1.03566e+06 	25664
901 	32 	6.40705e+06 	3.21563e+06 	4.245e+06 	2.0419e+07 	-3.07328e+06 	1.07116e+06 	25664
902 	32 	6.40902e+06 	3.20875e+06 	4.303e+06 	2.0368e+07 	-3.01841e+06 	1.02941e+06 	25664
903 	32 	6.39914e+06 	3.21494e+06 	4.322e+06 	2.0419e+07 	-3.07134e+06 	1.06453e+06 	25664
904 	32 	6.41437e+06 	3.22211e+06 	4.24e+06 	2.0425e+07 	-3.04547e+06 	1.04931e+06 	25664
905 	32 	6.44837e+06 	3.27655e+06 	4.244e+06 	2.0385e+07 	-3.01244e+06 	1.02906e+06 	25664
906 	32 	6.40439e+06 	3.20981e+06 	4.277e+06 	2.0406e+07 	-2.99859e+06 	1.06641e+06 	25664
907 	32 	6.38314e+06 	3.18076e+06 	4.278e+06 	2.0464e+07 	-3.056e+06 	1.1195e+06 	25664
908 	32 	6.40301e+06 	3.2145e+06 	4.016e+06 	2.041e+07 	-3.027e+06 	1.07597e+06 	25664
909 	32 	6.41018e+06 	3.21572e+06 	4.268e+06 	2.0387e+07 	-3.02422e+06 	1.04028e+06 	25664
910 	32 	6.39161e+06 	3.1821e+06 	4.284e+06 	2.045e+07 	-3.08116e+06 	1.08388e+06 	25664
911 	32 	6.43934e+06 	3.27645e+06 	4.314e+06 	2.037e+07 	-3.01809e+06 	1.02694e+06 	25664
912 	32 	6.37713e+06 	3.18676e+06 	4.241e+06 	2.0399e+07 	-3.04222e+06 	1.03428e+06 	25664
913 	32 	6.40805e+06 	3.22268e+06 	4.082e+06 	2.0384e+07 	-3.01331e+06 	1.02853e+06 	25664
914 	32 	6.38851e+06 	3.17853e+06 	4.265e+06 	2.0389e+07 	-3.04362e+06 	1.03409e+06 	25664
915 	32 	6.39539e+06 	3.184e+06 	4.224e+06 	2.0435e+07 	-3.04187e+06 	1.06237e+06 	25664
916 	32 	6.38749e+06 	3.17932e+06 	4.171e+06 	2.0438e+07 	-3.05281e+06 	1.08981e+06 	25664
917 	32 	6.3902e+06 	3.17504e+06 	4.298e+06 	2.0426e+07 	-3.03669e+06 	1.09641e+06 	25664
918 	32 	6.37601e+06 	3.18863e+06 	4.201e+06 	2.0448e+07 	-3.03447e+06 	1.07147e+06 	25664
919 	32 	6.38239e+06 	3.18107e+06 	4.349e+06 	2.0435e+07 	-3.05075e+06 	1.07434e+06 	25664
920 	32 	6.38491e+06 	3.17732e+06 	4.284e+06 	2.0371e+07 	-3.01872e+06 	1.01791e+06 	25664
921 	32 	6.41967e+06 	3.20561e+06 	4.355e+06 	2.0386e+07 	-3.03947e+06 	1.03613e+06 	25664
922 	32 	6.36543e+06 	3.16169e+06 	3.941e+06 	2.0489e+07 	-3.06172e+06 	1.10241e+06 	25664
923 	32 	6.37505e+06 	3.14483e+06 	4.299e+06 	2.0375e+07 	-3.03213e+06 	1.02825e+06 	25664
924 	32 	6.3686e+06 	3.14416e+06 	4.336e+06 	2.0385e+07 	-3.08337e+06 	1.04044e+06 	25664


# Index 7: Results for RealSpaceDualCore
861 	32 	3.99152e+07 	9.42602e+07 	16999 	4.814e+08 	-4.33678e+07 	6.47549e+07 	25664
862 	32 	3.94487e+07 	9.22083e+07 	17999 	4.63706e+08 	-4.23107e+07 	4.70048e+07 	25664
863 	32 	3.87767e+07 	9.1355e+07 	17000 	4.49285e+08 	-5.35342e+07 	3.97812e+07 	25664
864 	32 	3.94269e+07 	9.23342e+07 	17999 	4.61815e+08 	-5.85422e+07 	5.00133e+07 	25664
865 	32 	3.96714e+07 	9.27259e+07 	17999 	4.70802e+08 	-4.51548e+07 	5.4158e+07 	25664
866 	32 	4.00691e+07 	9.36198e+07 	17000 	4.606e+08 	-5.89048e+07 	4.45216e+07 	25664
867 	32 	3.96146e+07 	9.21242e+07 	17999 	4.57771e+08 	-5.9683e+07 	4.40838e+07 	25664
868 	32 	3.9653e+07 	9.33105e+07 	17999 	4.65477e+08 	-4.39454e+07 	4.87703e+07 	25664
869 	32 	3.78283e+07 	9.19946e+07 	17999 	4.62528e+08 	-6.81479e+07 	5.26124e+07 	25664
870 	32 	3.95716e+07 	9.30832e+07 	17999 	4.6555e+08 	-4.09039e+07 	4.93064e+07 	25664
871 	32 	3.80892e+07 	9.32158e+07 	17999 	4.51426e+08 	-4.67349e+07 	3.79292e+07 	25664
872 	32 	3.92338e+07 	9.36972e+07 	17999 	4.70435e+08 	-7.40623e+07 	5.18389e+07 	25664
873 	32 	3.85055e+07 	9.23251e+07 	16999 	4.60618e+08 	-7.06906e+07 	4.51955e+07 	25664
874 	32 	3.82443e+07 	9.10432e+07 	17999 	4.57033e+08 	-3.9976e+07 	4.37125e+07 	25664
875 	32 	3.81357e+07 	9.14398e+07 	16999 	4.56731e+08 	-3.78198e+07 	4.43075e+07 	25664
876 	32 	3.85961e+07 	9.17069e+07 	16999 	4.68515e+08 	-6.49037e+07 	5.42769e+07 	25664
877 	32 	3.88673e+07 	9.11099e+07 	17999 	4.5684e+08 	-4.51763e+07 	4.578e+07 	25664
878 	32 	3.81795e+07 	9.11778e+07 	17999 	4.53027e+08 	-5.79514e+07 	4.03063e+07 	25664
879 	32 	3.99043e+07 	9.4119e+07 	17999 	4.57877e+08 	-4.95242e+07 	4.10112e+07 	25664
880 	32 	3.8474e+07 	9.2929e+07 	17999 	4.60501e+08 	-5.00574e+07 	4.45011e+07 	25664
881 	32 	3.6744e+07 	9.14904e+07 	17999 	4.68418e+08 	-4.74894e+07 	5.61123e+07 	25664
882 	32 	3.88842e+07 	9.16902e+07 	17999 	4.51088e+08 	-3.54168e+07 	3.70529e+07 	25664
883 	32 	3.6963e+07 	9.18469e+07 	17999 	4.52297e+08 	-3.80483e+07 	3.47934e+07 	25664
884 	32 	3.90642e+07 	9.26707e+07 	17999 	4.69249e+08 	-4.03105e+07 	5.37957e+07 	25664
885 	32 	3.93331e+07 	9.26142e+07 	17999 	4.61652e+08 	-6.04552e+07 	4.70537e+07 	25664
886 	32 	3.85304e+07 	9.03404e+07 	17999 	4.72742e+08 	-7.44438e+07 	6.1367e+07 	25664
887 	32 	3.81374e+07 	9.12606e+07 	17999 	4.60604e+08 	-4.60475e+07 	4.6135e+07 	25664
888 	32 	3.89507e+07 	9.16567e+07 	17999 	4.6735e+08 	-4.23431e+07 	5.2937e+07 	25664
889 	32 	4.0213e+07 	9.36039e+07 	17999 	4.72253e+08 	-3.37187e+07 	5.34683e+07 	25664
890 	32 	3.7929e+07 	9.22764e+07 	16999 	4.54678e+08 	-2.9532e+07 	3.99892e+07 	25664
891 	32 	3.88207e+07 	9.09824e+07 	17999 	4.68027e+08 	-5.11057e+07 	5.15395e+07 	25664
892 	32 	3.73348e+07 	9.09743e+07 	17999 	4.57553e+08 	-3.35904e+07 	4.35249e+07 	25664
893 	32 	3.93499e+07 	9.12763e+07 	17999 	4.63713e+08 	-4.57703e+07 	4.9713e+07 	25664
894 	32 	3.81069e+07 	9.09386e+07 	16999 	4.71201e+08 	-4.24717e+07 	5.49498e+07 	25664
895 	32 	3.9712e+07 	9.24803e+07 	17999 	4.70827e+08 	-2.90419e+07 	5.32588e+07 	25664
896 	32 	3.86846e+07 	9.17434e+07 	17000 	4.53291e+08 	-3.75592e+07 	4.05685e+07 	25664
897 	32 	3.78411e+07 	9.14009e+07 	17999 	4.56677e+08 	-3.92296e+07 	4.39972e+07 	25664
898 	32 	3.85493e+07 	9.14001e+07 	17999 	4.57518e+08 	-5.13348e+07 	4.4345e+07 	25664
899 	32 	3.7147e+07 	9.049e+07 	17999 	4.46598e+08 	-5.32337e+07 	3.51363e+07 	25664
900 	32 	3.8209e+07 	9.11099e+07 	17999 	4.64296e+08 	-3.50951e+07 	5.21621e+07 	25664
901 	32 	3.68472e+07 	9.08805e+07 	16999 	4.63195e+08 	-5.26225e+07 	5.02498e+07 	25664
902 	32 	3.62878e+07 	9.08187e+07 	17000 	4.58305e+08 	-5.68208e+07 	4.44484e+07 	25664
903 	32 	3.63835e+07 	8.97216e+07 	17999 	4.51163e+08 	-3.24852e+07 	4.45377e+07 	25664
904 	32 	3.57765e+07 	9.2211e+07 	16999 	4.59014e+08 	-4.89193e+07 	4.37589e+07 	25664
905 	32 	3.97662e+07 	9.36003e+07 	17999 	4.56932e+08 	-5.58398e+07 	3.67629e+07 	25664
906 	32 	3.83939e+07 	9.13268e+07 	16999 	4.64224e+08 	-4.39547e+07 	4.9888e+07 	25664
907 	32 	3.82938e+07 	9.01783e+07 	17999 	4.54801e+08 	-7.28908e+07 	4.25189e+07 	25664
908 	32 	3.80375e+07 	9.07439e+07 	17999 	4.61147e+08 	-6.11309e+07 	4.58425e+07 	25664
909 	32 	3.65359e+07 	9.16927e+07 	17999 	4.59902e+08 	-4.06158e+07 	4.41386e+07 	25664
910 	32 	3.74936e+07 	9.05004e+07 	17999 	4.50766e+08 	-5.15723e+07 	3.93899e+07 	25664
911 	32 	3.73644e+07 	9.2488e+07 	16999 	4.61096e+08 	-3.73121e+07 	4.67427e+07 	25664
912 	32 	3.74429e+07 	8.96599e+07 	17999 	4.52911e+08 	-4.08241e+07 	4.25807e+07 	25664
913 	32 	3.69542e+07 	9.07894e+07 	17999 	4.60778e+08 	-5.17447e+07 	4.4977e+07 	25664
914 	32 	3.77714e+07 	9.03222e+07 	17999 	4.6739e+08 	-2.83142e+07 	5.32414e+07 	25664
915 	32 	3.64897e+07 	9.09542e+07 	17001 	4.60728e+08 	-5.7159e+07 	4.39374e+07 	25664
916 	32 	3.76463e+07 	9.00583e+07 	17999 	4.63174e+08 	-5.83496e+07 	5.00585e+07 	25664
917 	32 	3.75074e+07 	8.95482e+07 	17999 	4.58505e+08 	-8.5495e+07 	4.37282e+07 	25664
918 	32 	3.76238e+07 	9.02901e+07 	17999 	4.61435e+08 	-4.0833e+07 	4.60788e+07 	25664
919 	32 	3.74244e+07 	8.98816e+07 	17999 	4.60518e+08 	-6.38773e+07 	4.63069e+07 	25664
920 	32 	3.75089e+07 	8.97813e+07 	17999 	4.54163e+08 	-4.12343e+07 	3.98554e+07 	25664
921 	32 	3.75195e+07 	9.19802e+07 	17999 	4.62693e+08 	-3.31196e+07 	4.56338e+07 	25664
922 	32 	3.74045e+07 	8.97741e+07 	17999 	4.65022e+08 	-7.9808e+07 	4.73239e+07 	25664
923 	32 	3.66504e+07 	8.88575e+07 	17999 	4.67397e+08 	-4.85117e+07 	5.06072e+07 	25664
924 	32 	3.68262e+07 	8.86947e+07 	17000 	4.69446e+08 	-5.04877e+07 	5.30615e+07 	25664


# Index 8: Results for ReduceForces_Cntl
861 	32 	1.70211e+07 	1.67332e+07 	5.048e+06 	1.30514e+08 	-6.48506e+07 	4.29107e+07 	25664
862 	32 	1.32302e+07 	1.36088e+07 	5.814e+06 	1.13809e+08 	-4.71287e+07 	4.48867e+07 	25664
863 	32 	1.51125e+07 	1.02681e+07 	5.662e+06 	9.6627e+07 	-3.62329e+07 	4.52625e+07 	25664
864 	32 	1.4345e+07 	1.41122e+07 	5.321e+06 	1.23715e+08 	-4.88529e+07 	5.79885e+07 	25664
865 	32 	1.56952e+07 	1.43459e+07 	5.795e+06 	1.17236e+08 	-5.52933e+07 	4.12223e+07 	25664
866 	32 	1.45052e+07 	1.31888e+07 	5.371e+06 	1.21441e+08 	-4.44094e+07 	5.50841e+07 	25664
867 	32 	1.34255e+07 	1.3111e+07 	5.83e+06 	1.20879e+08 	-4.41076e+07 	5.8096e+07 	25664
868 	32 	1.70763e+07 	1.30143e+07 	5.839e+06 	1.0837e+08 	-4.93671e+07 	3.7717e+07 	25664
869 	32 	1.5197e+07 	1.43157e+07 	5.49e+06 	1.33171e+08 	-5.35383e+07 	6.01262e+07 	25664
870 	32 	1.51243e+07 	1.35582e+07 	5.654e+06 	1.08373e+08 	-4.93428e+07 	3.88418e+07 	25664
871 	32 	1.492e+07 	1.06558e+07 	5.89e+06 	9.7302e+07 	-3.78063e+07 	3.93912e+07 	25664
872 	32 	1.59538e+07 	1.43124e+07 	5.325e+06 	1.40846e+08 	-5.2308e+07 	6.88074e+07 	25664
873 	32 	1.67414e+07 	1.25452e+07 	5.619e+06 	1.30136e+08 	-4.47036e+07 	6.1447e+07 	25664
874 	32 	1.31596e+07 	1.13016e+07 	5.445e+06 	9.9401e+07 	-4.34239e+07 	3.25951e+07 	25664
875 	32 	1.48274e+07 	1.13837e+07 	5.533e+06 	9.3375e+07 	-4.25418e+07 	3.31881e+07 	25664
876 	32 	1.4455e+07 	1.47906e+07 	5.878e+06 	1.32135e+08 	-5.37949e+07 	5.74796e+07 	25664
877 	32 	1.31901e+07 	1.31916e+07 	5.516e+06 	1.06214e+08 	-4.55456e+07 	4.2065e+07 	25664
878 	32 	1.45134e+07 	1.12226e+07 	5.782e+06 	1.20359e+08 	-4.1056e+07 	5.87989e+07 	25664
879 	32 	1.43735e+07 	1.21481e+07 	5.849e+06 	1.08015e+08 	-4.10628e+07 	5.08453e+07 	25664
880 	32 	1.50945e+07 	1.26457e+07 	5.54e+06 	1.10601e+08 	-4.44493e+07 	4.24353e+07 	25664
881 	32 	1.58209e+07 	1.43002e+07 	5.981e+06 	1.25431e+08 	-5.63253e+07 	4.71911e+07 	25664
882 	32 	1.41727e+07 	1.06723e+07 	5.706e+06 	9.5286e+07 	-3.72821e+07 	3.76894e+07 	25664
883 	32 	1.47194e+07 	1.04441e+07 	5.678e+06 	9.4995e+07 	-3.54001e+07 	3.49527e+07 	25664
884 	32 	1.67768e+07 	1.45968e+07 	5.219e+06 	1.09742e+08 	-5.33685e+07 	3.30814e+07 	25664
885 	32 	1.43617e+07 	1.35976e+07 	6.071e+06 	1.29164e+08 	-4.69123e+07 	5.67489e+07 	25664
886 	32 	1.52318e+07 	1.53175e+07 	5.769e+06 	1.47225e+08 	-6.13151e+07 	6.88304e+07 	25664
887 	32 	1.68225e+07 	1.23497e+07 	5.677e+06 	1.08682e+08 	-4.61807e+07 	3.82119e+07 	25664
888 	32 	1.52247e+07 	1.47774e+07 	5.809e+06 	1.1735e+08 	-5.39397e+07 	4.51165e+07 	25664
889 	32 	1.43997e+07 	1.48852e+07 	5.877e+06 	1.10131e+08 	-5.34923e+07 	3.5257e+07 	25664
890 	32 	1.37062e+07 	1.13683e+07 	5.188e+06 	9.2972e+07 	-4.01412e+07 	2.97937e+07 	25664
891 	32 	1.62621e+07 	1.29493e+07 	5.82e+06 	1.19949e+08 	-5.14633e+07 	4.41197e+07 	25664
892 	32 	1.5272e+07 	1.13505e+07 	5.823e+06 	9.6866e+07 	-4.36803e+07 	3.58108e+07 	25664
893 	32 	1.62347e+07 	1.28539e+07 	5.243e+06 	1.12901e+08 	-4.97288e+07 	4.56392e+07 	25664
894 	32 	1.44056e+07 	1.46941e+07 	5.466e+06 	1.19533e+08 	-5.481e+07 	4.26675e+07 	25664
895 	32 	1.48766e+07 	1.34152e+07 	5.376e+06 	1.00135e+08 	-5.05828e+07 	2.79651e+07 	25664
896 	32 	1.40676e+07 	1.14405e+07 	5.672e+06 	1.01051e+08 	-4.0952e+07 	3.68812e+07 	25664
897 	32 	1.5264e+07 	1.11776e+07 	5.482e+06 	1.01975e+08 	-4.22322e+07 	3.9336e+07 	25664
898 	32 	1.56141e+07 	1.17864e+07 	5.076e+06 	1.0724e+08 	-4.15074e+07 	4.40704e+07 	25664
899 	32 	1.20482e+07 	1.04371e+07 	5.062e+06 	1.04586e+08 	-3.2895e+07 	5.09261e+07 	25664
900 	32 	1.57031e+07 	1.42083e+07 	5.519e+06 	1.07475e+08 	-5.21559e+07 	3.44475e+07 	25664
901 	32 	1.58734e+07 	1.34092e+07 	5.447e+06 	1.18995e+08 	-5.02833e+07 	4.74467e+07 	25664
902 	32 	1.44332e+07 	1.25387e+07 	5.834e+06 	1.16383e+08 	-4.48922e+07 	5.02955e+07 	25664
903 	32 	1.56361e+07 	1.05124e+07 	5.364e+06 	9.5581e+07 	-4.48042e+07 	3.1892e+07 	25664
904 	32 	1.35231e+07 	1.2895e+07 	5.615e+06 	1.12644e+08 	-4.42874e+07 	4.70396e+07 	25664
905 	32 	1.34905e+07 	1.11498e+07 	5.862e+06 	1.14067e+08 	-3.74723e+07 	5.80008e+07 	25664
906 	32 	1.7564e+07 	1.2838e+07 	5.543e+06 	1.10627e+08 	-4.95447e+07 	3.82267e+07 	25664
907 	32 	1.62633e+07 	1.13715e+07 	5.852e+06 	1.32037e+08 	-4.21569e+07 	6.73834e+07 	25664
908 	32 	1.48038e+07 	1.24412e+07 	5.314e+06 	1.17189e+08 	-4.54753e+07 	5.5683e+07 	25664
909 	32 	1.44636e+07 	1.20572e+07 	5.819e+06 	1.04562e+08 	-4.4264e+07 	4.21381e+07 	25664
910 	32 	1.78487e+07 	9.29281e+06 	5.658e+06 	9.9724e+07 	-3.68077e+07 	4.50903e+07 	25664
911 	32 	1.51396e+07 	1.26949e+07 	5.296e+06 	1.01008e+08 	-4.64619e+07 	3.46396e+07 	25664
912 	32 	1.57502e+07 	1.14163e+07 	5.567e+06 	1.02994e+08 	-4.29652e+07 	4.03353e+07 	25664
913 	32 	1.47815e+07 	1.27274e+07 	5.507e+06 	1.10275e+08 	-4.49419e+07 	4.40448e+07 	25664
914 	32 	1.40564e+07 	1.29605e+07 	5.735e+06 	9.8287e+07 	-5.31806e+07 	2.7861e+07 	25664
915 	32 	1.43056e+07 	1.28759e+07 	5.53e+06 	1.22413e+08 	-4.38448e+07 	5.50197e+07 	25664
916 	32 	1.67167e+07 	1.29307e+07 	5.878e+06 	1.23741e+08 	-4.91648e+07 	5.31545e+07 	25664
917 	32 	1.54733e+07 	1.12291e+07 	5.763e+06 	1.42619e+08 	-4.16642e+07 	7.7879e+07 	25664
918 	32 	1.53606e+07 	1.27512e+07 	5.533e+06 	1.05786e+08 	-4.60426e+07 	3.90206e+07 	25664
919 	32 	1.66799e+07 	1.24434e+07 	5.927e+06 	1.29905e+08 	-4.58628e+07 	6.16627e+07 	25664
920 	32 	1.44916e+07 	1.08096e+07 	5.608e+06 	1.05764e+08 	-3.79245e+07 	4.08187e+07 	25664
921 	32 	1.30709e+07 	1.2105e+07 	5.639e+06 	9.6109e+07 	-4.5676e+07 	2.90479e+07 	25664
922 	32 	1.60214e+07 	1.24006e+07 	5.197e+06 	1.42444e+08 	-4.76314e+07 	7.25335e+07 	25664
923 	32 	1.4232e+07 	1.33509e+07 	5.971e+06 	1.23502e+08 	-5.06701e+07 	5.10083e+07 	25664
924 	32 	1.41573e+07 	1.40859e+07 	5.596e+06 	1.20241e+08 	-5.31827e+07 	4.53782e+07 	25664


# Index 9: Results for _remd_allreduce_energies_
861 	32 	2.35618e+06 	2.77771e+07 	-2.21197e+10 	3.14035e+11 	-2.15547e+10 	3.146e+11 	25664
862 	32 	6.10912e+06 	6.86964e+07 	-2.27965e+10 	3.13313e+11 	-2.24937e+10 	3.13617e+11 	25664
863 	32 	4.47851e+06 	7.88585e+07 	-2.201e+10 	3.12681e+11 	-2.16418e+10 	3.1305e+11 	25664
864 	32 	5.79878e+06 	8.18556e+07 	-2.24271e+10 	3.11979e+11 	-2.20503e+10 	3.12355e+11 	25664
865 	32 	3.48466e+06 	4.72687e+07 	-2.1691e+10 	3.12214e+11 	-2.11793e+10 	3.12725e+11 	25664
866 	32 	4.92224e+06 	5.14312e+07 	-2.17514e+10 	3.11905e+11 	-2.11029e+10 	3.12555e+11 	25664
867 	32 	5.38635e+06 	4.74704e+07 	-2.21681e+10 	3.11595e+11 	-2.19214e+10 	3.11842e+11 	25664
868 	32 	2.80304e+06 	5.82693e+07 	-2.20742e+10 	3.1315e+11 	-2.13524e+10 	3.13872e+11 	25664
869 	32 	3.84794e+06 	3.7949e+07 	-2.2682e+10 	3.11802e+11 	-2.20714e+10 	3.12413e+11 	25664
870 	32 	4.36061e+06 	5.62224e+07 	-2.20296e+10 	3.11477e+11 	-2.13173e+10 	3.12192e+11 	25664
871 	32 	3.45533e+06 	NaNQ 	-2.11258e+10 	3.11547e+11 	-2.04736e+10 	3.122e+11 	25664
872 	32 	3.80991e+06 	6.22496e+07 	-2.32051e+10 	3.11909e+11 	-2.24585e+10 	3.12656e+11 	25664
873 	32 	3.23675e+06 	5.7196e+07 	-2.16648e+10 	3.11979e+11 	-2.14178e+10 	3.12226e+11 	25664
874 	32 	6.57641e+06 	6.96106e+07 	-2.18505e+10 	3.11549e+11 	-2.1857e+10 	3.11543e+11 	25664
875 	32 	4.12958e+06 	4.03121e+07 	-2.0846e+10 	3.13525e+11 	-2.06988e+10 	3.13672e+11 	25664
876 	32 	5.51963e+06 	6.31314e+07 	-2.11342e+10 	3.1322e+11 	-2.11178e+10 	3.13236e+11 	25664
877 	32 	7.24967e+06 	7.54527e+07 	-2.22278e+10 	3.11215e+11 	-2.19434e+10 	3.11499e+11 	25664
878 	32 	5.74273e+06 	6.29175e+07 	-2.21466e+10 	3.11506e+11 	-2.1561e+10 	3.12092e+11 	25664
879 	32 	4.87726e+06 	6.0733e+07 	-2.25835e+10 	3.12695e+11 	-2.21833e+10 	3.13095e+11 	25664
880 	32 	3.98266e+06 	6.37709e+07 	-2.20426e+10 	3.11676e+11 	-2.1317e+10 	3.12402e+11 	25664
881 	32 	2.83493e+06 	4.23333e+07 	-2.11631e+10 	3.11547e+11 	-2.05314e+10 	3.12179e+11 	25664
882 	32 	6.47033e+06 	8.54163e+07 	-2.32077e+10 	3.13664e+11 	-2.2806e+10 	3.14065e+11 	25664
883 	32 	3.02591e+06 	4.47161e+07 	-2.10004e+10 	3.13004e+11 	-2.04393e+10 	3.13565e+11 	25664
884 	32 	4.06388e+06 	4.92501e+07 	-2.26775e+10 	3.13744e+11 	-2.2156e+10 	3.14266e+11 	25664
885 	32 	5.51767e+06 	5.92835e+07 	-2.23617e+10 	3.1208e+11 	-2.19994e+10 	3.12442e+11 	25664
886 	32 	5.30051e+06 	5.19381e+07 	-2.05607e+10 	3.13352e+11 	-2.05249e+10 	3.13388e+11 	25664
887 	32 	4.23158e+06 	5.18704e+07 	-2.19653e+10 	3.1293e+11 	-2.17021e+10 	3.13194e+11 	25664
888 	32 	5.03661e+06 	4.62125e+07 	-2.13203e+10 	3.11411e+11 	-2.08284e+10 	3.11903e+11 	25664
889 	32 	6.04822e+06 	8.3392e+07 	-2.27869e+10 	3.1322e+11 	-2.23227e+10 	3.13684e+11 	25664
890 	32 	6.03649e+06 	7.5847e+07 	-2.28232e+10 	3.11708e+11 	-2.2507e+10 	3.12024e+11 	25664
891 	32 	5.38615e+06 	6.70884e+07 	-2.24098e+10 	3.11986e+11 	-2.17476e+10 	3.12648e+11 	25664
892 	32 	5.28733e+06 	5.40457e+07 	-2.23277e+10 	3.12195e+11 	-2.2238e+10 	3.12285e+11 	25664
893 	32 	5.22647e+06 	4.7884e+07 	-2.0913e+10 	3.12723e+11 	-2.09798e+10 	3.12657e+11 	25664
894 	32 	6.69673e+06 	8.54729e+07 	-2.26563e+10 	3.12011e+11 	-2.22304e+10 	3.12437e+11 	25664
895 	32 	5.23211e+06 	7.82352e+07 	-2.13964e+10 	3.12869e+11 	-2.09609e+10 	3.13305e+11 	25664
896 	32 	7.12894e+06 	8.08102e+07 	-2.19052e+10 	3.12264e+11 	-2.20132e+10 	3.12156e+11 	25664
897 	32 	5.10413e+06 	6.38149e+07 	-2.27012e+10 	3.11937e+11 	-2.16689e+10 	3.12969e+11 	25664
898 	32 	4.71715e+06 	4.65631e+07 	-2.24609e+10 	3.11946e+11 	-2.19878e+10 	3.12419e+11 	25664
899 	32 	7.41565e+06 	9.82325e+07 	-2.36023e+10 	3.11929e+11 	-2.26137e+10 	3.12918e+11 	25664
900 	32 	5.23214e+06 	5.44192e+07 	-2.16864e+10 	3.13744e+11 	-2.16824e+10 	3.13748e+11 	25664
901 	32 	4.04729e+06 	1.75628e+07 	-2.21975e+10 	3.11945e+11 	-2.17011e+10 	3.12441e+11 	25664
902 	32 	5.17966e+06 	7.824e+07 	-2.21031e+10 	3.11813e+11 	-2.17129e+10 	3.12203e+11 	25664
903 	32 	4.10664e+06 	6.55116e+07 	-2.19223e+10 	3.13031e+11 	-2.13556e+10 	3.13598e+11 	25664
904 	32 	5.39957e+06 	6.76621e+07 	-2.23237e+10 	3.11874e+11 	-2.1977e+10 	3.1222e+11 	25664
905 	32 	6.52422e+06 	6.89003e+07 	-2.2552e+10 	3.12952e+11 	-2.2159e+10 	3.13345e+11 	25664
906 	32 	3.82235e+06 	3.69851e+07 	-2.17928e+10 	3.12405e+11 	-2.10566e+10 	3.13141e+11 	25664
907 	32 	5.90907e+06 	7.24406e+07 	-2.15392e+10 	3.12456e+11 	-2.13822e+10 	3.12613e+11 	25664
908 	32 	6.30747e+06 	6.51402e+07 	-2.23768e+10 	3.14171e+11 	-2.23688e+10 	3.14179e+11 	25664
909 	32 	5.4385e+06 	7.42681e+07 	-2.2616e+10 	3.12088e+11 	-2.21565e+10 	3.12547e+11 	25664
910 	32 	3.41152e+06 	1.47402e+07 	-2.15645e+10 	3.12335e+11 	-2.13059e+10 	3.12594e+11 	25664
911 	32 	3.88799e+06 	2.02812e+07 	-2.23766e+10 	3.12159e+11 	-2.19008e+10 	3.12635e+11 	25664
912 	32 	4.64764e+06 	3.93128e+07 	-2.10104e+10 	3.12034e+11 	-2.08978e+10 	3.12147e+11 	25664
913 	32 	5.25541e+06 	6.87462e+07 	-2.19041e+10 	3.12088e+11 	-2.15138e+10 	3.12479e+11 	25664
914 	32 	7.0381e+06 	6.63697e+07 	-2.20912e+10 	3.12005e+11 	-2.20335e+10 	3.12063e+11 	25664
915 	32 	5.74337e+06 	6.83542e+07 	-2.15548e+10 	3.12066e+11 	-2.13017e+10 	3.12321e+11 	25664
916 	32 	5.70882e+06 	7.49372e+07 	-2.17597e+10 	3.12217e+11 	-2.16715e+10 	3.12305e+11 	25664
917 	32 	5.37294e+06 	5.94457e+07 	-2.13727e+10 	3.12354e+11 	-2.07823e+10 	3.12944e+11 	25664
918 	32 	6.10902e+06 	5.96698e+07 	-2.13796e+10 	3.1274e+11 	-2.12866e+10 	3.12833e+11 	25664
919 	32 	4.60539e+06 	4.51176e+07 	-2.10481e+10 	3.13473e+11 	-2.08221e+10 	3.13706e+11 	25664
920 	32 	7.1644e+06 	9.21525e+07 	-2.26287e+10 	3.12206e+11 	-2.22044e+10 	3.1263e+11 	25664
921 	32 	7.29538e+06 	9.2434e+07 	-2.19884e+10 	3.11445e+11 	-2.14995e+10 	3.11934e+11 	25664
922 	32 	6.4567e+06 	7.87348e+07 	-2.24102e+10 	3.12059e+11 	-2.18646e+10 	3.12604e+11 	25664
923 	32 	7.39254e+06 	7.60878e+07 	-2.10918e+10 	3.12542e+11 	-2.0967e+10 	3.12667e+11 	25664
924 	32 	7.53007e+06 	9.56104e+07 	-2.24292e+10 	3.11927e+11 	-2.20391e+10 	3.12317e+11 	25664


# Index 10: Results for _remd_copy_energies_
861 	32 	1.348e+14 	NaNQ 	-5.75202e+12 	3.4596e+18 	-1.08115e+17 	3.35149e+18 	25664
862 	32 	1.348e+14 	NaNQ 	-5.75083e+12 	3.4596e+18 	-1.08115e+17 	3.35149e+18 	25664
863 	32 	1.348e+14 	NaNQ 	-5.75091e+12 	3.4596e+18 	-1.08115e+17 	3.35149e+18 	25664
864 	32 	1.348e+14 	NaNQ 	-5.75109e+12 	3.4596e+18 	-1.08115e+17 	3.35149e+18 	25664
865 	32 	1.348e+14 	NaNQ 	-5.75123e+12 	3.4596e+18 	-1.08115e+17 	3.35149e+18 	25664
866 	32 	1.348e+14 	NaNQ 	-5.75122e+12 	3.4596e+18 	-1.08115e+17 	3.35149e+18 	25664
867 	32 	1.348e+14 	NaNQ 	-5.75079e+12 	3.4596e+18 	-1.08115e+17 	3.35149e+18 	25664
868 	32 	1.348e+14 	NaNQ 	-5.75028e+12 	3.4596e+18 	-1.08115e+17 	3.35149e+18 	25664
869 	32 	1.348e+14 	NaNQ 	-5.75157e+12 	3.4596e+18 	-1.08115e+17 	3.35149e+18 	25664
870 	32 	1.348e+14 	NaNQ 	-5.7516e+12 	3.4596e+18 	-1.08115e+17 	3.35149e+18 	25664
871 	32 	1.348e+14 	NaNQ 	-5.75049e+12 	3.4596e+18 	-1.08115e+17 	3.35149e+18 	25664
872 	32 	1.348e+14 	NaNQ 	-5.75189e+12 	3.4596e+18 	-1.08115e+17 	3.35149e+18 	25664
873 	32 	1.348e+14 	NaNQ 	-5.75177e+12 	3.4596e+18 	-1.08115e+17 	3.35149e+18 	25664
874 	32 	1.348e+14 	NaNQ 	-5.75086e+12 	3.4596e+18 	-1.08115e+17 	3.35149e+18 	25664
875 	32 	1.348e+14 	NaNQ 	-5.75137e+12 	3.4596e+18 	-1.08115e+17 	3.35149e+18 	25664
876 	32 	1.348e+14 	NaNQ 	-5.75114e+12 	3.4596e+18 	-1.08115e+17 	3.35149e+18 	25664
877 	32 	1.348e+14 	NaNQ 	-5.75102e+12 	3.4596e+18 	-1.08115e+17 	3.35149e+18 	25664
878 	32 	1.348e+14 	NaNQ 	-5.75137e+12 	3.4596e+18 	-1.08115e+17 	3.35149e+18 	25664
879 	32 	1.348e+14 	NaNQ 	-5.75135e+12 	3.4596e+18 	-1.08115e+17 	3.35149e+18 	25664
880 	32 	1.348e+14 	NaNQ 	-5.75068e+12 	3.4596e+18 	-1.08115e+17 	3.35149e+18 	25664
881 	32 	1.348e+14 	NaNQ 	-5.75182e+12 	3.4596e+18 	-1.08115e+17 	3.35149e+18 	25664
882 	32 	1.348e+14 	NaNQ 	-5.75109e+12 	3.4596e+18 	-1.08115e+17 	3.35149e+18 	25664
883 	32 	1.348e+14 	NaNQ 	-5.7514e+12 	3.4596e+18 	-1.08115e+17 	3.35149e+18 	25664
884 	32 	1.348e+14 	NaNQ 	-5.75087e+12 	3.4596e+18 	-1.08115e+17 	3.35149e+18 	25664
885 	32 	1.348e+14 	NaNQ 	-5.75109e+12 	3.4596e+18 	-1.08115e+17 	3.35149e+18 	25664
886 	32 	1.348e+14 	NaNQ 	-5.7498e+12 	3.4596e+18 	-1.08115e+17 	3.35149e+18 	25664
887 	32 	1.348e+14 	NaNQ 	-5.75158e+12 	3.4596e+18 	-1.08115e+17 	3.35149e+18 	25664
888 	32 	1.348e+14 	NaNQ 	-5.75135e+12 	3.4596e+18 	-1.08115e+17 	3.35149e+18 	25664
889 	32 	1.348e+14 	NaNQ 	-5.75042e+12 	3.4596e+18 	-1.08115e+17 	3.35149e+18 	25664
890 	32 	1.348e+14 	NaNQ 	-5.75101e+12 	3.4596e+18 	-1.08115e+17 	3.35149e+18 	25664
891 	32 	1.348e+14 	NaNQ 	-5.75119e+12 	3.4596e+18 	-1.08115e+17 	3.35149e+18 	25664
892 	32 	1.348e+14 	NaNQ 	-5.75147e+12 	3.4596e+18 	-1.08115e+17 	3.35149e+18 	25664
893 	32 	1.348e+14 	NaNQ 	-5.7516e+12 	3.4596e+18 	-1.08115e+17 	3.35149e+18 	25664
894 	32 	1.348e+14 	NaNQ 	-5.7516e+12 	3.4596e+18 	-1.08115e+17 	3.35149e+18 	25664
895 	32 	1.348e+14 	NaNQ 	-5.75123e+12 	3.4596e+18 	-1.08115e+17 	3.35149e+18 	25664
896 	32 	1.348e+14 	NaNQ 	-5.75013e+12 	3.4596e+18 	-1.08115e+17 	3.35149e+18 	25664
897 	32 	1.348e+14 	NaNQ 	-5.7501e+12 	3.4596e+18 	-1.08115e+17 	3.35149e+18 	25664
898 	32 	1.348e+14 	NaNQ 	-5.75047e+12 	3.4596e+18 	-1.08115e+17 	3.35149e+18 	25664
899 	32 	1.348e+14 	NaNQ 	-5.75049e+12 	3.4596e+18 	-1.08115e+17 	3.35149e+18 	25664
900 	32 	1.348e+14 	NaNQ 	-5.75149e+12 	3.4596e+18 	-1.08115e+17 	3.35149e+18 	25664
901 	32 	1.348e+14 	NaNQ 	-5.75174e+12 	3.4596e+18 	-1.08115e+17 	3.35149e+18 	25664
902 	32 	1.348e+14 	NaNQ 	-5.75102e+12 	3.4596e+18 	-1.08115e+17 	3.35149e+18 	25664
903 	32 	1.348e+14 	NaNQ 	-5.75174e+12 	3.4596e+18 	-1.08115e+17 	3.35149e+18 	25664
904 	32 	1.348e+14 	NaNQ 	-5.7508e+12 	3.4596e+18 	-1.08115e+17 	3.35149e+18 	25664
905 	32 	1.348e+14 	NaNQ 	-5.75062e+12 	3.4596e+18 	-1.08115e+17 	3.35149e+18 	25664
906 	32 	1.348e+14 	NaNQ 	-5.75084e+12 	3.4596e+18 	-1.08115e+17 	3.35149e+18 	25664
907 	32 	1.348e+14 	NaNQ 	-5.751e+12 	3.4596e+18 	-1.08115e+17 	3.35149e+18 	25664
908 	32 	1.348e+14 	NaNQ 	-5.75011e+12 	3.4596e+18 	-1.08115e+17 	3.35149e+18 	25664
909 	32 	1.348e+14 	NaNQ 	-5.75025e+12 	3.4596e+18 	-1.08115e+17 	3.35149e+18 	25664
910 	32 	1.348e+14 	NaNQ 	-5.75114e+12 	3.4596e+18 	-1.08115e+17 	3.35149e+18 	25664
911 	32 	1.348e+14 	NaNQ 	-5.75123e+12 	3.4596e+18 	-1.08115e+17 	3.35149e+18 	25664
912 	32 	1.348e+14 	NaNQ 	-5.75076e+12 	3.4596e+18 	-1.08115e+17 	3.35149e+18 	25664
913 	32 	1.348e+14 	NaNQ 	-5.75151e+12 	3.4596e+18 	-1.08115e+17 	3.35149e+18 	25664
914 	32 	1.348e+14 	NaNQ 	-5.74974e+12 	3.4596e+18 	-1.08115e+17 	3.35149e+18 	25664
915 	32 	1.348e+14 	NaNQ 	-5.75236e+12 	3.4596e+18 	-1.08115e+17 	3.35149e+18 	25664
916 	32 	1.348e+14 	NaNQ 	-5.75027e+12 	3.4596e+18 	-1.08115e+17 	3.35149e+18 	25664
917 	32 	1.348e+14 	NaNQ 	-5.75166e+12 	3.4596e+18 	-1.08115e+17 	3.35149e+18 	25664
918 	32 	1.348e+14 	NaNQ 	-5.75109e+12 	3.4596e+18 	-1.08115e+17 	3.35149e+18 	25664
919 	32 	1.348e+14 	NaNQ 	-5.75035e+12 	3.4596e+18 	-1.08115e+17 	3.35149e+18 	25664
920 	32 	1.348e+14 	NaNQ 	-5.75106e+12 	3.4596e+18 	-1.08115e+17 	3.35149e+18 	25664
921 	32 	1.348e+14 	NaNQ 	-5.7498e+12 	3.4596e+18 	-1.08115e+17 	3.35149e+18 	25664
922 	32 	1.348e+14 	NaNQ 	-5.75e+12 	3.4596e+18 	-1.08115e+17 	3.35149e+18 	25664
923 	32 	1.348e+14 	NaNQ 	-5.75049e+12 	3.4596e+18 	-1.08115e+17 	3.35149e+18 	25664
924 	32 	1.348e+14 	NaNQ 	-5.74963e+12 	3.4596e+18 	-1.08115e+17 	3.35149e+18 	25664


# Index 11: Results for _remd_swapping_step
861 	32 	209.243 	1969.24 	0 	21000 	-875.75 	937.5 	25664
862 	32 	208.541 	1963.36 	0 	21000 	-782 	937.625 	25664
863 	32 	208.93 	1965.81 	0 	21000 	-1030.72 	969.281 	25664
864 	32 	208.229 	1960.22 	0 	21000 	-1062.19 	937.812 	25664
865 	32 	209.165 	1969.15 	0 	21000 	-1156.03 	1126.12 	25664
866 	32 	209.36 	1971.09 	0 	21000 	-1062.5 	1155.34 	25664
867 	32 	209.047 	1968.03 	0 	21000 	-1031.12 	1126.16 	25664
868 	32 	208.463 	1962.88 	0 	21000 	-1062.12 	1094.81 	25664
869 	32 	210.879 	1984.53 	0 	21001 	-1032.09 	1282.41 	25664
870 	32 	210.1 	1977.42 	0 	21001 	-1000.88 	1687.69 	25664
871 	32 	210.839 	1984.03 	0 	21000 	-1063.53 	938.469 	25664
872 	32 	210.022 	1976.76 	0 	21000 	-969.688 	875.062 	25664
873 	32 	210.294 	1979.47 	0 	21000 	-969.656 	1186.69 	25664
874 	32 	209.36 	1971.49 	0 	21000 	-969.688 	1686.72 	25664
875 	32 	210.138 	1977.89 	0 	21000 	-1001 	1001 	25664
876 	32 	209.905 	1976.46 	0 	21000 	-781.156 	1249.12 	25664
877 	32 	210.489 	1981.43 	0 	21001 	-1063.5 	1655.31 	25664
878 	32 	210.451 	1980.67 	0 	21000 	-1032.09 	967.906 	25664
879 	32 	209.827 	1975.29 	0 	21000 	-1000.97 	1001.03 	25664
880 	32 	209.75 	1973.81 	0 	21000 	-874.938 	968.594 	25664
881 	32 	209.593 	1973.58 	0 	21000 	-1187.19 	1092.91 	25664
882 	32 	210.139 	1978.31 	0 	21001 	-812.438 	1219.78 	25664
883 	32 	209.748 	1974.94 	0 	21000 	-1032.28 	969.719 	25664
884 	32 	210.139 	1978.3 	0 	21000 	-1126.06 	937.688 	25664
885 	32 	209.593 	1972.78 	0 	21000 	-1032.28 	969.719 	25664
886 	32 	210.529 	1981.3 	0 	21000 	-938.438 	1063.56 	25664
887 	32 	209.671 	1974.12 	0 	21000 	-782.094 	938.469 	25664
888 	32 	210.099 	1977.67 	0 	21000 	-1000.94 	999.062 	25664
889 	32 	210.022 	1977.66 	0 	21000 	-813.438 	907.188 	25664
890 	32 	210.139 	1978.12 	0 	21000 	-1030.12 	967.875 	25664
891 	32 	210.373 	1980.53 	0 	21000 	-1094.84 	907.156 	25664
892 	32 	210.529 	1981.73 	0 	21000 	-1063.44 	938.562 	25664
893 	32 	210.685 	1983.63 	0 	21001 	-1061.53 	1219.66 	25664
894 	32 	209.787 	1975.41 	0 	21001 	-1032.22 	1094.84 	25664
895 	32 	209.32 	1970.27 	0 	21000 	-1000.97 	1001.03 	25664
896 	32 	209.36 	1971.91 	0 	21000 	-968.75 	812.562 	25664
897 	32 	209.866 	1975.69 	0 	21000 	-749.875 	969.719 	25664
898 	32 	209.555 	1973.71 	0 	21000 	-844.719 	969.719 	25664
899 	32 	209.827 	1975.8 	0 	21001 	-969.719 	1032.28 	25664
900 	32 	209.71 	1975.27 	0 	21001 	-1063.53 	1001 	25664
901 	32 	209.749 	1974.96 	0 	21000 	-1063.44 	938.562 	25664
902 	32 	209.321 	1971.25 	0 	21000 	-1032.22 	969.781 	25664
903 	32 	209.281 	1970.68 	0 	21000 	-1094.75 	968.75 	25664
904 	32 	209.321 	1971.23 	0 	21000 	-938.406 	1063.59 	25664
905 	32 	208.541 	1963.56 	0 	21000 	-1000.94 	999.062 	25664
906 	32 	209.633 	1974.14 	0 	21000 	-1061.56 	938.438 	25664
907 	32 	209.242 	1970.64 	0 	21000 	-875.875 	938.5 	25664
908 	32 	209.087 	1969.04 	0 	21000 	-782.156 	938.5 	25664
909 	32 	210.49 	1982.18 	0 	21000 	-938.5 	875.875 	25664
910 	32 	210.061 	1977.89 	0 	21000 	-967.781 	906.219 	25664
911 	32 	209.476 	1973 	0 	21000 	-967.781 	750.875 	25664
912 	32 	209.866 	1975.75 	0 	21000 	-1218.53 	1187.25 	25664
913 	32 	209.555 	1973.89 	0 	21000 	-1030.28 	969.719 	25664
914 	32 	210.139 	1978.88 	0 	21000 	-969.688 	1030.31 	25664
915 	32 	209.204 	1970.26 	0 	21000 	-938.438 	907.156 	25664
916 	32 	209.165 	1969.49 	0 	21000 	-907.344 	1094.66 	25664
917 	32 	209.282 	1971.22 	0 	21000 	-1249.62 	1000.94 	25664
918 	32 	209.165 	1969.63 	0 	21000 	-938.469 	1063.53 	25664
919 	32 	209.516 	1972.76 	0 	21000 	-999.062 	1000.94 	25664
920 	32 	209.632 	1973.8 	0 	21000 	-969.719 	875.188 	25664
921 	32 	209.204 	1970.2 	0 	21000 	-905.344 	844.094 	25664
922 	32 	209.633 	1973.83 	0 	21000 	-1032.03 	1030.28 	25664
923 	32 	209.71 	1974.3 	0 	21000 	-907.219 	875.156 	25664
924 	32 	209.671 	1974.59 	0 	21000 	-1092.91 	907.094 	25664
