# atom count =  30000
# corresponding to a water box with side =  66.8987227457 Angstroms
# procCount px py pz fftComm fftComp realSpaceNB globalization verletTime totalTS fftTotal
           1    1    1    1    0.000e+00    1.370e+09    4.281e+09    0.000e+00    7.200e+05    5.652e+09    1.370e+09    1.000e+00
           8    2    2    2    3.932e+07    1.713e+08    5.351e+08    1.440e+06    9.000e+04    7.472e+08    2.106e+08    9.455e-01
          32    2    4    4    1.966e+07    4.281e+07    1.338e+08    1.440e+06    2.250e+04    1.977e+08    6.248e+07    8.933e-01
          64    4    4    4    9.830e+06    2.141e+07    6.689e+07    1.440e+06    1.125e+04    9.958e+07    3.124e+07    8.868e-01
         128    8    4    4    8.192e+06    1.070e+07    3.345e+07    1.440e+06    5.625e+03    5.379e+07    1.890e+07    8.209e-01
         256    8    8    4    4.915e+06    5.352e+06    1.672e+07    1.440e+06    2.812e+03    2.843e+07    1.027e+07    7.765e-01
         512    8    8    8    2.458e+06    2.676e+06    8.362e+06    1.440e+06    1.406e+03    1.494e+07    5.134e+06    7.391e-01
        1024    8    8   16    2.048e+06    1.338e+06    4.181e+06    1.440e+06    7.031e+02    9.007e+06    3.386e+06    6.128e-01
        2048    8   16   16    1.229e+06    6.690e+05    2.090e+06    1.440e+06    3.516e+02    5.429e+06    1.898e+06    5.084e-01
        4096   16   16   16    6.144e+05    3.345e+05    1.045e+06    1.440e+06    1.758e+02    3.434e+06    9.489e+05    4.018e-01
        8192   16   16   32    5.120e+05    1.672e+05    5.226e+05    1.440e+06    8.789e+01    2.642e+06    6.792e+05    2.611e-01
       16384   16   32   32    3.072e+05    8.362e+04    2.613e+05    1.440e+06    4.395e+01    2.092e+06    3.908e+05    1.649e-01
       32768   32   32   32    1.536e+05    8.362e+04    1.306e+05    1.440e+06    2.197e+01    1.808e+06    2.372e+05    9.541e-02
