# atom count =  10000
# corresponding to a water box with side =  46.3849838253 Angstroms
# procCount px py pz fftComm fftComp realSpaceNB globalization verletTime totalTS fftTotal
           1    1    1    1    0.000e+00    1.370e+09    1.427e+09    0.000e+00    2.400e+05    2.797e+09    1.370e+09    1.000e+00
           8    2    2    2    3.932e+07    1.713e+08    1.784e+08    4.800e+05    3.000e+04    3.895e+08    2.106e+08    8.978e-01
          32    2    4    4    1.966e+07    4.281e+07    4.459e+07    4.800e+05    7.500e+03    1.076e+08    6.248e+07    8.127e-01
          64    4    4    4    9.830e+06    2.141e+07    2.230e+07    4.800e+05    3.750e+03    5.402e+07    3.124e+07    8.091e-01
         128    8    4    4    8.192e+06    1.070e+07    1.115e+07    4.800e+05    1.875e+03    3.053e+07    1.890e+07    7.159e-01
         256    8    8    4    4.915e+06    5.352e+06    5.574e+06    4.800e+05    9.375e+02    1.632e+07    1.027e+07    6.695e-01
         512    8    8    8    2.458e+06    2.676e+06    2.787e+06    4.800e+05    4.688e+02    8.401e+06    5.134e+06    6.503e-01
        1024    8    8   16    2.048e+06    1.338e+06    1.394e+06    4.800e+05    2.344e+02    5.260e+06    3.386e+06    5.194e-01
        2048    8   16   16    1.229e+06    6.690e+05    6.968e+05    4.800e+05    1.172e+02    3.075e+06    1.898e+06    4.442e-01
        4096   16   16   16    6.144e+05    3.345e+05    3.484e+05    4.800e+05    5.859e+01    1.777e+06    9.489e+05    3.842e-01
        8192   16   16   32    5.120e+05    1.672e+05    1.742e+05    4.800e+05    2.930e+01    1.333e+06    6.792e+05    2.561e-01
       16384   16   32   32    3.072e+05    8.362e+04    8.710e+04    4.800e+05    1.465e+01    9.579e+05    3.908e+05    1.782e-01
       32768   32   32   32    1.536e+05    8.362e+04    4.355e+04    4.800e+05    7.324e+00    7.608e+05    2.372e+05    1.122e-01
