# atom count =  20000
# corresponding to a water box with side =  58.4414173855 Angstroms
# procCount px py pz fftComm fftComp realSpaceNB globalization verletTime totalTS fftTotal
           1    1    1    1    0.000e+00    1.370e+09    2.854e+09    0.000e+00    4.800e+05    4.225e+09    1.370e+09    1.000e+00
           8    2    2    2    3.932e+07    1.713e+08    3.568e+08    9.600e+05    6.000e+04    5.684e+08    2.106e+08    9.291e-01
          32    2    4    4    1.966e+07    4.281e+07    8.919e+07    9.600e+05    1.500e+04    1.526e+08    6.248e+07    8.649e-01
          64    4    4    4    9.830e+06    2.141e+07    4.459e+07    9.600e+05    7.500e+03    7.680e+07    3.124e+07    8.595e-01
         128    8    4    4    8.192e+06    1.070e+07    2.230e+07    9.600e+05    3.750e+03    4.216e+07    1.890e+07    7.829e-01
         256    8    8    4    4.915e+06    5.352e+06    1.115e+07    9.600e+05    1.875e+03    2.238e+07    1.027e+07    7.375e-01
         512    8    8    8    2.458e+06    2.676e+06    5.574e+06    9.600e+05    9.375e+02    1.167e+07    5.134e+06    7.071e-01
        1024    8    8   16    2.048e+06    1.338e+06    2.787e+06    9.600e+05    4.688e+02    7.134e+06    3.386e+06    5.783e-01
        2048    8   16   16    1.229e+06    6.690e+05    1.394e+06    9.600e+05    2.344e+02    4.252e+06    1.898e+06    4.852e-01
        4096   16   16   16    6.144e+05    3.345e+05    6.968e+05    9.600e+05    1.172e+02    2.606e+06    9.489e+05    3.958e-01
        8192   16   16   32    5.120e+05    1.672e+05    3.484e+05    9.600e+05    5.859e+01    1.988e+06    6.792e+05    2.594e-01
       16384   16   32   32    3.072e+05    8.362e+04    1.742e+05    9.600e+05    2.930e+01    1.525e+06    3.908e+05    1.691e-01
       32768   32   32   32    1.536e+05    8.362e+04    8.710e+04    9.600e+05    1.465e+01    1.284e+06    2.372e+05    1.004e-01
