# atom count =  5000
# corresponding to a water box with side =  36.815786145 Angstroms
# procCount px py pz fftComm fftComp realSpaceNB globalization verletTime totalTS fftTotal
           1    1    1    1    0.000e+00    1.370e+09    7.135e+08    0.000e+00    1.200e+05    2.084e+09    1.370e+09    1.000e+00
           8    2    2    2    3.932e+07    1.713e+08    8.919e+07    2.400e+05    1.500e+04    3.000e+08    2.106e+08    8.681e-01
          32    2    4    4    1.966e+07    4.281e+07    2.230e+07    2.400e+05    3.750e+03    8.502e+07    6.248e+07    7.659e-01
          64    4    4    4    9.830e+06    2.141e+07    1.115e+07    2.400e+05    1.875e+03    4.263e+07    3.124e+07    7.638e-01
         128    8    4    4    8.192e+06    1.070e+07    5.574e+06    2.400e+05    9.375e+02    2.471e+07    1.890e+07    6.588e-01
         256    8    8    4    4.915e+06    5.352e+06    2.787e+06    2.400e+05    4.688e+02    1.329e+07    1.027e+07    6.122e-01
         512    8    8    8    2.458e+06    2.676e+06    1.394e+06    2.400e+05    2.344e+02    6.767e+06    5.134e+06    6.014e-01
        1024    8    8   16    2.048e+06    1.338e+06    6.968e+05    2.400e+05    1.172e+02    4.323e+06    3.386e+06    4.707e-01
        2048    8   16   16    1.229e+06    6.690e+05    3.484e+05    2.400e+05    5.859e+01    2.486e+06    1.898e+06    4.092e-01
        4096   16   16   16    6.144e+05    3.345e+05    1.742e+05    2.400e+05    2.930e+01    1.363e+06    9.489e+05    3.732e-01
        8192   16   16   32    5.120e+05    1.672e+05    8.710e+04    2.400e+05    1.465e+01    1.006e+06    6.792e+05    2.528e-01
       16384   16   32   32    3.072e+05    8.362e+04    4.355e+04    2.400e+05    7.324e+00    6.744e+05    3.908e+05    1.886e-01
       32768   32   32   32    1.536e+05    8.362e+04    2.177e+04    2.400e+05    3.662e+00    4.990e+05    2.372e+05    1.274e-01
