# atom count =  5000
# corresponding to a water box with side =  36.815786145 Angstroms
# procCount px py pz fftComm fftComp realSpaceNB forceReduction
# verletIntegration verletIntegrationSingleNode totalTS totalFFT ParallelEfficiency
           1    1    1    1    0.000e+00    2.740e+09    3.568e+08    0.000e+00    1.200e+05    1.200e+05    3.097e+09    2.740e+09    1.000e+00
           8    2    2    2    7.864e+07    3.425e+08    4.459e+07    3.000e+05    1.759e+05    1.200e+05    4.662e+08    4.212e+08    8.303e-01
          32    2    4    4    3.932e+07    8.563e+07    1.115e+07    3.000e+05    1.759e+05    1.200e+05    1.366e+08    1.250e+08    7.086e-01
          64    4    4    4    1.966e+07    4.281e+07    5.574e+06    3.000e+05    5.846e+04    1.200e+05    6.841e+07    6.248e+07    7.074e-01
         128    8    4    4    1.638e+07    2.141e+07    2.787e+06    3.000e+05    5.846e+04    1.200e+05    4.094e+07    3.779e+07    5.910e-01
         256    8    8    4    9.830e+06    1.070e+07    1.394e+06    3.000e+05    5.846e+04    1.200e+05    2.229e+07    2.053e+07    5.428e-01
         512    8    8    8    4.915e+06    5.352e+06    6.968e+05    3.000e+05    2.755e+04    1.200e+05    1.129e+07    1.027e+07    5.357e-01
        1024    8    8   16    4.096e+06    2.676e+06    3.484e+05    3.000e+05    2.755e+04    1.200e+05    7.448e+06    6.772e+06    4.061e-01
        2048    8   16   16    4.915e+06    1.338e+06    1.742e+05    3.000e+05    2.755e+04    1.200e+05    6.755e+06    6.253e+06    2.239e-01
        4096   16   16   16    4.915e+06    6.690e+05    8.710e+04    3.000e+05    1.737e+04    1.200e+05    5.989e+06    5.584e+06    1.263e-01
        8192   16   16   32    1.475e+07    3.345e+05    4.355e+04    3.000e+05    1.737e+04    1.200e+05    1.544e+07    1.508e+07    2.448e-02
       16384   16   32   32    1.966e+07    1.672e+05    2.177e+04    3.000e+05    1.737e+04    1.200e+05    2.017e+07    1.983e+07    9.373e-03
