# atom count =  30000
# corresponding to a water box with side =  66.8987227457 Angstroms
# procCount px py pz fftComm fftComp realSpaceNB globalization verletTime totalTS fftTotal ParallelEfficiency
           1    1    1    1    0.000e+00    2.740e+09    4.281e+09    0.000e+00    7.200e+05    7.022e+09    2.740e+09    6.952e-01
           8    2    2    2    7.864e+07    3.425e+08    5.351e+08    1.440e+06    9.000e+04    9.578e+08    4.212e+08    6.370e-01
          32    2    4    4    3.932e+07    8.563e+07    1.338e+08    1.440e+06    2.250e+04    2.602e+08    1.250e+08    5.863e-01
          64    4    4    4    1.966e+07    4.281e+07    6.689e+07    1.440e+06    1.125e+04    1.308e+08    6.248e+07    5.830e-01
         128    8    4    4    1.638e+07    2.141e+07    3.345e+07    1.440e+06    5.625e+03    7.268e+07    3.779e+07    5.247e-01
         256    8    8    4    9.830e+06    1.070e+07    1.672e+07    1.440e+06    2.812e+03    3.870e+07    2.053e+07    4.927e-01
         512    8    8    8    4.915e+06    5.352e+06    8.362e+06    1.440e+06    1.406e+03    2.007e+07    1.027e+07    4.750e-01
        1024    8    8   16    4.096e+06    2.676e+06    4.181e+06    1.440e+06    7.031e+02    1.239e+07    6.772e+06    3.846e-01
        2048    8   16   16    4.915e+06    1.338e+06    2.090e+06    1.440e+06    3.516e+02    9.784e+06    6.253e+06    2.436e-01
        4096   16   16   16    4.915e+06    6.690e+05    1.045e+06    1.440e+06    1.758e+02    8.070e+06    5.584e+06    1.477e-01
        8192   16   16   32    1.475e+07    3.345e+05    5.226e+05    1.440e+06    8.789e+01    1.704e+07    1.508e+07    3.496e-02
       16384   16   32   32    1.966e+07    1.672e+05    2.613e+05    1.440e+06    4.395e+01    2.153e+07    1.983e+07    1.384e-02
