# atom count =  20000
# corresponding to a water box with side =  58.4414173855 Angstroms
# procCount px py pz fftComm fftComp realSpaceNB globalization verletTime totalTS fftTotal ParallelEfficiency
           1    1    1    1    0.000e+00    2.740e+09    2.854e+09    0.000e+00    4.800e+05    5.595e+09    2.740e+09    7.449e-01
           8    2    2    2    7.864e+07    3.425e+08    3.568e+08    9.600e+05    6.000e+04    7.789e+08    4.212e+08    6.688e-01
          32    2    4    4    3.932e+07    8.563e+07    8.919e+07    9.600e+05    1.500e+04    2.151e+08    1.250e+08    6.054e-01
          64    4    4    4    1.966e+07    4.281e+07    4.459e+07    9.600e+05    7.500e+03    1.080e+08    6.248e+07    6.027e-01
         128    8    4    4    1.638e+07    2.141e+07    2.230e+07    9.600e+05    3.750e+03    6.105e+07    3.779e+07    5.333e-01
         256    8    8    4    9.830e+06    1.070e+07    1.115e+07    9.600e+05    1.875e+03    3.264e+07    2.053e+07    4.987e-01
         512    8    8    8    4.915e+06    5.352e+06    5.574e+06    9.600e+05    9.375e+02    1.680e+07    1.027e+07    4.845e-01
        1024    8    8   16    4.096e+06    2.676e+06    2.787e+06    9.600e+05    4.688e+02    1.052e+07    6.772e+06    3.869e-01
        2048    8   16   16    4.915e+06    1.338e+06    1.394e+06    9.600e+05    2.344e+02    8.607e+06    6.253e+06    2.364e-01
        4096   16   16   16    4.915e+06    6.690e+05    6.968e+05    9.600e+05    1.172e+02    7.241e+06    5.584e+06    1.405e-01
        8192   16   16   32    1.475e+07    3.345e+05    3.484e+05    9.600e+05    5.859e+01    1.639e+07    1.508e+07    3.104e-02
       16384   16   32   32    1.966e+07    1.672e+05    1.742e+05    9.600e+05    2.930e+01    2.096e+07    1.983e+07    1.213e-02
