# atom count =  30000
# corresponding to a water box with side =  66.8987227457 Angstroms
# procCount px py pz fftComm fftComp realSpaceNB forceReduction
# verletIntegration verletIntegrationSingleNode totalTS totalFFT ParallelEfficiency
           1    1    1    1    0.000e+00    2.740e+09    2.141e+09    0.000e+00    7.200e+05    7.200e+05    4.881e+09    2.740e+09    1.000e+00
           8    2    2    2    7.864e+07    3.425e+08    2.676e+08    1.800e+06    5.961e+05    7.200e+05    6.911e+08    4.212e+08    8.829e-01
          32    2    4    4    3.932e+07    8.563e+07    6.689e+07    1.800e+06    5.961e+05    7.200e+05    1.942e+08    1.250e+08    7.853e-01
          64    4    4    4    1.966e+07    4.281e+07    3.345e+07    1.800e+06    1.478e+05    7.200e+05    9.787e+07    6.248e+07    7.793e-01
         128    8    4    4    1.638e+07    2.141e+07    1.672e+07    1.800e+06    1.478e+05    7.200e+05    5.646e+07    3.779e+07    6.754e-01
         256    8    8    4    9.830e+06    1.070e+07    8.362e+06    1.800e+06    1.478e+05    7.200e+05    3.084e+07    2.053e+07    6.182e-01
         512    8    8    8    4.915e+06    5.352e+06    4.181e+06    1.800e+06    5.163e+04    7.200e+05    1.630e+07    1.027e+07    5.849e-01
        1024    8    8   16    4.096e+06    2.676e+06    2.090e+06    1.800e+06    5.163e+04    7.200e+05    1.071e+07    6.772e+06    4.449e-01
        2048    8   16   16    4.915e+06    1.338e+06    1.045e+06    1.800e+06    5.163e+04    7.200e+05    9.150e+06    6.253e+06    2.605e-01
        4096   16   16   16    4.915e+06    6.690e+05    5.226e+05    1.800e+06    2.546e+04    7.200e+05    7.932e+06    5.584e+06    1.502e-01
        8192   16   16   32    1.475e+07    3.345e+05    2.613e+05    1.800e+06    2.546e+04    7.200e+05    1.717e+07    1.508e+07    3.471e-02
       16384   16   32   32    1.966e+07    1.672e+05    1.306e+05    1.800e+06    2.546e+04    7.200e+05    2.178e+07    1.983e+07    1.368e-02
