# meshSize =  64
# procCount px py pz fftComm fftComp fftTotal(cycles) fftTotal(sec.)
           8    2    2    2    1.966e+06    1.180e+06    3.146e+06    4.494e+03
          32    2    4    4    9.830e+05    2.949e+05    1.278e+06    1.826e+03
          64    4    4    4    4.915e+05    1.475e+05    6.390e+05    9.128e+02
         128    8    4    4    4.096e+05    7.373e+04    4.833e+05    6.905e+02
         256    8    8    4    2.458e+05    3.686e+04    2.826e+05    4.037e+02
         512    8    8    8    2.458e+05    1.843e+04    2.642e+05    3.774e+02
        1024    8    8   16    7.373e+05    9.216e+03    7.465e+05    1.066e+03
        2048    8   16   16    9.830e+05    4.608e+03    9.876e+05    1.411e+03
        4096   16   16   16    9.830e+05    2.304e+03    9.853e+05    1.408e+03
