# meshSize =  256
# procCount px py pz fftComm fftComp fftTotal(cycles) fftTotal(sec.) fftMem (cycles)
           8    2    2    2    1.258e+08    1.007e+08    2.743e+09    3.919e+06    2.517e+09
          32    2    4    4    6.291e+07    2.517e+07    7.172e+08    1.025e+06    6.291e+08
          64    4    4    4    3.146e+07    1.258e+07    3.586e+08    5.123e+05    3.146e+08
         128    8    4    4    2.621e+07    6.291e+06    8.493e+07    1.213e+05    5.243e+07
         256    8    8    4    1.573e+07    3.146e+06    4.509e+07    6.441e+04    2.621e+07
         512    8    8    8    7.864e+06    1.573e+06    2.254e+07    3.221e+04    1.311e+07
        1024    8    8   16    6.554e+06    7.864e+05    1.389e+07    1.985e+04    6.554e+06
        2048    8   16   16    3.932e+06    3.932e+05    7.602e+06    1.086e+04    3.277e+06
        4096   16   16   16    1.966e+06    1.966e+05    3.801e+06    5.430e+03    1.638e+06
        8192   16   16   32    2.949e+06    9.830e+04    3.867e+06    5.524e+03    8.192e+05
       16384   16   32   32    3.932e+06    4.915e+04    4.391e+06    6.273e+03    4.096e+05
       32768   32   32   32    3.932e+06    2.458e+04    4.162e+06    5.945e+03    2.048e+05
       65536   32   32   64    1.180e+07    1.229e+04    1.191e+07    1.702e+04    1.024e+05
