# meshSize =  32
# procCount px py pz fftComm fftComp fftTotal(cycles) fftTotal(sec.) fftMem (cycles)
           1    1    1    1    0.000e+00    9.830e+05    1.409e+07    2.013e-02    1.311e+07
           8    2    2    2    2.458e+05    1.229e+05    2.007e+06    2.867e-03    1.638e+06
          32    2    4    4    1.229e+05    3.072e+04    5.632e+05    8.046e-04    4.096e+05
          64    4    4    4    6.144e+04    1.536e+04    2.816e+05    4.023e-04    2.048e+05
         128    8    4    4    5.120e+04    7.680e+03    1.613e+05    2.304e-04    1.024e+05
         256    8    8    4    3.072e+04    3.840e+03    8.576e+04    1.225e-04    5.120e+04
         512    8    8    8    1.536e+04    1.920e+03    4.288e+04    6.126e-05    2.560e+04
        1024    8    8   16    1.280e+04    9.600e+02    2.656e+04    3.794e-05    1.280e+04
