# meshSize =  256
# procCount px py pz fftComm fftComp fftTotal(cycles) fftTotal(sec.)
           8    2    2    2    1.258e+08    1.007e+08    2.265e+08    3.236e+05
          32    2    4    4    6.291e+07    2.517e+07    8.808e+07    1.258e+05
          64    4    4    4    3.146e+07    1.258e+07    4.404e+07    6.291e+04
         128    8    4    4    2.621e+07    6.291e+06    3.251e+07    4.644e+04
         256    8    8    4    1.573e+07    3.146e+06    1.887e+07    2.696e+04
         512    8    8    8    7.864e+06    1.573e+06    9.437e+06    1.348e+04
        1024    8    8   16    6.554e+06    7.864e+05    7.340e+06    1.049e+04
        2048    8   16   16    3.932e+06    3.932e+05    4.325e+06    6.179e+03
        4096   16   16   16    1.966e+06    1.966e+05    2.163e+06    3.090e+03
        8192   16   16   32    2.949e+06    9.830e+04    3.047e+06    4.353e+03
       16384   16   32   32    3.932e+06    4.915e+04    3.981e+06    5.688e+03
       32768   32   32   32    3.932e+06    2.458e+04    3.957e+06    5.652e+03
       65536   32   32   64    1.180e+07    1.229e+04    1.181e+07    1.687e+04
