# meshSize =  128
# procCount px py pz fftComm fftComp fftTotal(cycles) fftTotal(sec.)
           8    2    2    2    1.573e+07    6.850e+07    8.423e+07    1.203e-01
          32    2    4    4    7.864e+06    1.713e+07    2.499e+07    3.570e-02
          64    4    4    4    3.932e+06    8.563e+06    1.250e+07    1.785e-02
         128    8    4    4    3.277e+06    4.281e+06    7.558e+06    1.080e-02
         256    8    8    4    1.966e+06    2.141e+06    4.107e+06    5.867e-03
         512    8    8    8    9.830e+05    1.070e+06    2.053e+06    2.933e-03
        1024    8    8   16    8.192e+05    5.352e+05    1.354e+06    1.935e-03
        2048    8   16   16    9.830e+05    2.676e+05    1.251e+06    1.787e-03
        4096   16   16   16    9.830e+05    1.338e+05    1.117e+06    1.595e-03
        8192   16   16   32    2.949e+06    6.690e+04    3.016e+06    4.309e-03
       16384   16   32   32    3.932e+06    3.345e+04    3.966e+06    5.665e-03
