# meshSize =  64
# procCount px py pz fftComm fftComp fftTotal(cycles) fftTotal(sec.) fftMem (cycles)
           8    2    2    2    1.966e+06    1.180e+06    1.625e+07    2.322e+04    1.311e+07
          32    2    4    4    9.830e+05    2.949e+05    4.555e+06    6.507e+03    3.277e+06
          64    4    4    4    4.915e+05    1.475e+05    2.277e+06    3.253e+03    1.638e+06
         128    8    4    4    4.096e+05    7.373e+04    1.303e+06    1.861e+03    8.192e+05
         256    8    8    4    2.458e+05    3.686e+04    6.922e+05    9.889e+02    4.096e+05
         512    8    8    8    2.458e+05    1.843e+04    4.690e+05    6.700e+02    2.048e+05
        1024    8    8   16    7.373e+05    9.216e+03    8.489e+05    1.213e+03    1.024e+05
        2048    8   16   16    9.830e+05    4.608e+03    1.039e+06    1.484e+03    5.120e+04
        4096   16   16   16    9.830e+05    2.304e+03    1.011e+06    1.444e+03    2.560e+04
