# meshSize =  128
# procCount px py pz fftComm fftComp fftTotal(cycles) fftTotal(sec.)
           8    2    2    2    1.573e+07    1.101e+07    2.674e+07    3.820e+04
          32    2    4    4    7.864e+06    2.753e+06    1.062e+07    1.517e+04
          64    4    4    4    3.932e+06    1.376e+06    5.308e+06    7.583e+03
         128    8    4    4    3.277e+06    6.881e+05    3.965e+06    5.664e+03
         256    8    8    4    1.966e+06    3.441e+05    2.310e+06    3.300e+03
         512    8    8    8    9.830e+05    1.720e+05    1.155e+06    1.650e+03
        1024    8    8   16    8.192e+05    8.602e+04    9.052e+05    1.293e+03
        2048    8   16   16    9.830e+05    4.301e+04    1.026e+06    1.466e+03
        4096   16   16   16    9.830e+05    2.150e+04    1.005e+06    1.435e+03
        8192   16   16   32    2.949e+06    1.075e+04    2.960e+06    4.228e+03
       16384   16   32   32    3.932e+06    5.376e+03    3.938e+06    5.625e+03
