# meshSize =  128
# procCount px py pz fftComm fftComp fftTotal(cycles) fftTotal(sec.)
           8    2    2    2    1.573e+07    2.257e+07    3.830e+07    7.659e-02
          32    2    4    4    7.864e+06    5.642e+06    1.351e+07    2.701e-02
          64    4    4    4    3.932e+06    2.821e+06    6.753e+06    1.351e-02
         128    8    4    4    3.277e+06    1.410e+06    4.687e+06    9.374e-03
         256    8    8    4    1.966e+06    7.052e+05    2.671e+06    5.343e-03
         512    8    8    8    9.830e+05    3.526e+05    1.336e+06    2.671e-03
        1024    8    8   16    8.192e+05    1.763e+05    9.955e+05    1.991e-03
        2048    8   16   16    9.830e+05    8.815e+04    1.071e+06    2.142e-03
        4096   16   16   16    9.830e+05    4.408e+04    1.027e+06    2.054e-03
        8192   16   16   32    2.949e+06    2.204e+04    2.971e+06    5.942e-03
       16384   16   32   32    3.932e+06    1.102e+04    3.943e+06    7.886e-03
