# meshSize =  128
# procCount px py pz fftComm fftComp fftTotal(cycles) fftTotal(sec.) fftMem (cycles)
           1    1    1    1    0.000e+00    8.808e+07    2.605e+09    3.721e+00    2.517e+09
           8    2    2    2    1.573e+07    1.101e+07    3.413e+08    4.876e-01    3.146e+08
          32    2    4    4    7.864e+06    2.753e+06    3.683e+07    5.262e-02    2.621e+07
          64    4    4    4    3.932e+06    1.376e+06    1.842e+07    2.631e-02    1.311e+07
         128    8    4    4    3.277e+06    6.881e+05    1.052e+07    1.503e-02    6.554e+06
         256    8    8    4    1.966e+06    3.441e+05    5.587e+06    7.981e-03    3.277e+06
         512    8    8    8    9.830e+05    1.720e+05    2.793e+06    3.991e-03    1.638e+06
        1024    8    8   16    8.192e+05    8.602e+04    1.724e+06    2.463e-03    8.192e+05
        2048    8   16   16    4.915e+05    4.301e+04    9.441e+05    1.349e-03    4.096e+05
        4096   16   16   16    2.458e+05    2.150e+04    4.721e+05    6.744e-04    2.048e+05
        8192   16   16   32    2.048e+05    1.075e+04    3.180e+05    4.542e-04    1.024e+05
       16384   16   32   32    1.229e+05    5.376e+03    1.795e+05    2.564e-04    5.120e+04
