# meshSize =  64
# procCount px py pz fftComm fftComp fftTotal(cycles) fftTotal(sec.)
           8    2    2    2    1.966e+06    2.418e+06    4.384e+06    8.768e-03
          32    2    4    4    9.830e+05    6.045e+05    1.588e+06    3.175e-03
          64    4    4    4    4.915e+05    3.022e+05    7.938e+05    1.588e-03
         128    8    4    4    4.096e+05    1.511e+05    5.607e+05    1.121e-03
         256    8    8    4    2.458e+05    7.556e+04    3.213e+05    6.426e-04
         512    8    8    8    2.458e+05    3.778e+04    2.835e+05    5.671e-04
        1024    8    8   16    7.373e+05    1.889e+04    7.562e+05    1.512e-03
        2048    8   16   16    9.830e+05    9.445e+03    9.925e+05    1.985e-03
        4096   16   16   16    9.830e+05    4.722e+03    9.878e+05    1.976e-03
