# meshSize =  64
# procCount px py pz fftComm fftComp fftTotal(cycles) fftTotal(sec.)
           8    2    2    2    1.966e+06    7.340e+06    9.306e+06    1.861e-02
          32    2    4    4    9.830e+05    1.835e+06    2.818e+06    5.636e-03
          64    4    4    4    4.915e+05    9.175e+05    1.409e+06    2.818e-03
         128    8    4    4    4.096e+05    4.587e+05    8.683e+05    1.737e-03
         256    8    8    4    2.458e+05    2.294e+05    4.751e+05    9.502e-04
         512    8    8    8    2.458e+05    1.147e+05    3.604e+05    7.209e-04
        1024    8    8   16    7.373e+05    5.734e+04    7.946e+05    1.589e-03
        2048    8   16   16    9.830e+05    2.867e+04    1.012e+06    2.023e-03
        4096   16   16   16    9.830e+05    1.434e+04    9.974e+05    1.995e-03
