# meshSize =  128
# procCount px py pz fftComm fftComp fftTotal(cycles) fftTotal(sec.) fftMem (cycles)
           8    2    2    2    1.573e+07    1.101e+07    3.413e+08    4.876e+05    3.146e+08
          32    2    4    4    7.864e+06    2.753e+06    3.683e+07    5.262e+04    2.621e+07
          64    4    4    4    3.932e+06    1.376e+06    1.842e+07    2.631e+04    1.311e+07
         128    8    4    4    3.277e+06    6.881e+05    1.052e+07    1.503e+04    6.554e+06
         256    8    8    4    1.966e+06    3.441e+05    5.587e+06    7.981e+03    3.277e+06
         512    8    8    8    9.830e+05    1.720e+05    2.793e+06    3.991e+03    1.638e+06
        1024    8    8   16    8.192e+05    8.602e+04    1.724e+06    2.463e+03    8.192e+05
        2048    8   16   16    9.830e+05    4.301e+04    1.436e+06    2.051e+03    4.096e+05
        4096   16   16   16    9.830e+05    2.150e+04    1.209e+06    1.728e+03    2.048e+05
        8192   16   16   32    2.949e+06    1.075e+04    3.062e+06    4.375e+03    1.024e+05
       16384   16   32   32    3.932e+06    5.376e+03    3.989e+06    5.698e+03    5.120e+04
