# meshSize =  512
# procCount px py pz fftComm fftComp fftTotal(cycles) fftTotal(sec.)
           8    2    2    2    1.007e+09    5.637e+09    6.643e+09    9.491e+00
          32    2    4    4    5.033e+08    1.409e+09    1.913e+09    2.732e+00
          64    4    4    4    2.517e+08    7.046e+08    9.563e+08    1.366e+00
         128    8    4    4    2.097e+08    3.523e+08    5.620e+08    8.029e-01
         256    8    8    4    1.258e+08    1.762e+08    3.020e+08    4.314e-01
         512    8    8    8    6.291e+07    8.808e+07    1.510e+08    2.157e-01
        1024    8    8   16    5.243e+07    4.404e+07    9.647e+07    1.378e-01
        2048    8   16   16    3.146e+07    2.202e+07    5.348e+07    7.639e-02
        4096   16   16   16    1.573e+07    1.101e+07    2.674e+07    3.820e-02
        8192   16   16   32    1.311e+07    5.505e+06    1.861e+07    2.659e-02
       16384   16   32   32    7.864e+06    2.752e+06    1.062e+07    1.517e-02
       32768   32   32   32    3.932e+06    1.376e+06    5.308e+06    7.583e-03
       65536   32   32   64    1.180e+07    6.881e+05    1.248e+07    1.784e-02
