# meshSize =  128
# procCount px py pz fftComm fftComp fftTotal
           8    2    2    2    1.573e+07    6.850e+07    8.423e+07
          32    2    4    4    7.864e+06    1.713e+07    2.499e+07
          64    4    4    4    3.932e+06    8.563e+06    1.250e+07
         128    8    4    4    3.277e+06    4.281e+06    7.558e+06
         256    8    8    4    1.966e+06    2.141e+06    4.107e+06
         512    8    8    8    9.830e+05    1.070e+06    2.053e+06
        1024    8    8   16    8.192e+05    5.352e+05    1.354e+06
        2048    8   16   16    9.830e+05    2.676e+05    1.251e+06
        4096   16   16   16    9.830e+05    1.338e+05    1.117e+06
        8192   16   16   32    2.949e+06    6.690e+04    3.016e+06
       16384   16   32   32    3.932e+06    3.345e+04    3.966e+06
