# meshSize =  256
# procCount px py pz fftComm fftComp fftTotal(cycles) fftTotal(sec.)
           8    2    2    2    1.258e+08    6.263e+08    7.521e+08    1.074e+00
          32    2    4    4    6.291e+07    1.566e+08    2.195e+08    3.136e-01
          64    4    4    4    3.146e+07    7.829e+07    1.097e+08    1.568e-01
         128    8    4    4    2.621e+07    3.914e+07    6.536e+07    9.337e-02
         256    8    8    4    1.573e+07    1.957e+07    3.530e+07    5.043e-02
         512    8    8    8    7.864e+06    9.786e+06    1.765e+07    2.521e-02
        1024    8    8   16    6.554e+06    4.893e+06    1.145e+07    1.635e-02
        2048    8   16   16    3.932e+06    2.447e+06    6.379e+06    9.112e-03
        4096   16   16   16    1.966e+06    1.223e+06    3.189e+06    4.556e-03
        8192   16   16   32    2.949e+06    6.116e+05    3.561e+06    5.087e-03
       16384   16   32   32    3.932e+06    3.058e+05    4.238e+06    6.054e-03
       32768   32   32   32    3.932e+06    1.529e+05    4.085e+06    5.836e-03
       65536   32   32   64    1.180e+07    7.645e+04    1.187e+07    1.696e-02
