# meshSize =  1024
# procCount px py pz fftComm fftComp fftTotal
           8    2    2    2    8.053e+09    5.011e+10    5.816e+10
          32    2    4    4    4.027e+09    1.253e+10    1.655e+10
          64    4    4    4    2.013e+09    6.263e+09    8.276e+09
         128    8    4    4    1.678e+09    3.132e+09    4.809e+09
         256    8    8    4    1.007e+09    1.566e+09    2.572e+09
         512    8    8    8    5.033e+08    7.829e+08    1.286e+09
        1024    8    8   16    4.194e+08    3.914e+08    8.109e+08
        2048    8   16   16    2.517e+08    1.957e+08    4.474e+08
        4096   16   16   16    1.258e+08    9.786e+07    2.237e+08
        8192   16   16   32    1.049e+08    4.893e+07    1.538e+08
       16384   16   32   32    6.291e+07    2.447e+07    8.738e+07
       32768   32   32   32    3.146e+07    1.223e+07    4.369e+07
       65536   32   32   64    2.621e+07    6.116e+06    3.233e+07
