# Statistics for trace points from trace_group_id 13
# column 1: node count
# column 2: average
# column 3: std. dev.
# column 4: min()
# column 5: max()
# column 6: count()
# results for GlobalizePositions_Cntl
32	1.32339e+06	185740	931000	1.761e+06	3232
256	4.70162e+06	235236	3.786e+06	5.777e+06	25856
512	987385	81017.3	865999	1.265e+06	51712


# results for P2_KSpace_Control
32	3.06629e+07	NaNQ	2.9979e+07	3.1628e+07	3232
256	6.70068e+06	94494.2	6.287e+06	7.121e+06	25856
512	4.40993e+06	78058.3	4.073e+06	4.754e+06	51712


# results for P2_NSQ_Control
32	4.0279e+07	2.3578e+06	3.7674e+07	4.3884e+07	3232
256	5.64054e+06	801605	4.734e+06	6.896e+06	25856
512	3.17494e+06	680372	2.433e+06	4.34e+06	51712


# results for P3ME_AssignCharge_Control
32	1.15854e+06	30675.6	1.065e+06	1.248e+06	3232
256	483810	17577.6	441000	549000	25856
512	430892	15723.3	392999	497000	51712


# results for P3ME_Convolve
32	1.70758e+06	905522	779000	2.647e+06	3232
256	163447	72454.5	84000	257000	25856
512	81749.7	31363.3	47999	117001	51712


# results for P3ME_ForwardFFT_Control
32	1.26667e+07	NaNQ	1.1921e+07	1.3497e+07	3232
256	2.89417e+06	103005	2.467e+06	3.272e+06	25856
512	1.89375e+06	85231.1	1.529e+06	2.186e+06	51712


# results for P3ME_Interpolate_Control
32	1.44042e+06	53546.5	1.284e+06	1.573e+06	3232
256	252828	28840	186000	365000	25856
512	161109	24091.5	106000	273000	51712


# results for P3ME_Rev_FFT
32	1.34748e+07	882276	1.2102e+07	1.5009e+07	3232
256	2.86994e+06	84868.4	2.568e+06	3.203e+06	25856
512	1.81198e+06	41753.1	1.626e+06	1.951e+06	51712


# results for ReduceForces_Cntl
32	8.36393e+06	NaNQ	8.15e+06	8.898e+06	3232
256	4.4209e+06	173502	3.68e+06	5.081e+06	25856
512	7.27862e+06	32256.6	7.129e+06	7.531e+06	51712


# results for UDF_KineticEnergy
32	45782.2	881.039	43000	49000	3232
256	24578.6	469.546	24000	25000	25856
512	23141.7	386.729	21999	24001	51712


# results for UDF_StdHarmonicBondForce
32	325650	47294.7	225000	425000	3232
256	85275.2	28281.9	61000	191000	25856
512	66327	22788.2	51000	143001	51712


# results for UDF_UpdatePosition
32	40277.2	NaNQ	39000	42000	3200
256	23675.5	454.453	23000	25000	25600
512	22563.4	487.484	21999	24001	51200


# results for UDF_UpdateVelocity
32	69049.3	15017.1	48000	88000	7360
256	24358.3	3219.66	20000	29000	58880
512	22132.3	2614.27	18999	26001	117760


# results for UDF_WaterSPCRattle
32	4.02097e+06	79139.9	3.773e+06	4.266e+06	3200
256	533404	39398.9	409000	579000	25600
512	285844	46339.8	135000	351000	51200


# results for UDF_WaterSPCShake
32	2.85923e+06	60230	2.684e+06	3.034e+06	3200
256	390664	29406.6	301000	429000	25600
512	215692	33642.2	99000	265000	51200


# results for TS_from_GlobalizePositions_Cntl
32	8.82134e+07	1.95653e+06	8.6009e+07	9.1558e+07	3200
256	2.30386e+07	816093	2.1561e+07	2.5011e+07	25600
512	1.66608e+07	683270	1.6042e+07	1.7586e+07	51200


# results for TS_from_P2_KSpace_Control
32	8.82635e+07	1.8601e+06	8.5961e+07	9.1671e+07	3200
256	2.30548e+07	790286	2.2088e+07	2.4451e+07	25600
512	1.66747e+07	668903	1.6028e+07	1.7622e+07	51200


# results for TS_from_P2_NSQ_Control
32	8.82133e+07	1.95569e+06	8.6013e+07	9.1546e+07	3200
256	2.30384e+07	791983	2.2074e+07	2.4262e+07	25600
512	1.66609e+07	683332	1.6046e+07	1.758e+07	51200


# results for TS_from_P3ME_AssignCharge_Control
32	8.82638e+07	1.89494e+06	8.5958e+07	9.1698e+07	3200
256	2.30548e+07	791555	2.2087e+07	2.4454e+07	25600
512	1.66747e+07	668907	1.6028e+07	1.7622e+07	51200


# results for TS_from_P3ME_Convolve
32	8.82659e+07	1.96741e+06	8.565e+07	9.1943e+07	3200
256	2.30551e+07	808750	2.2011e+07	2.4568e+07	25600
512	1.66757e+07	688140	1.5983e+07	1.7673e+07	51200


# results for TS_from_P3ME_ForwardFFT_Control
32	8.82639e+07	1.89469e+06	8.5954e+07	9.1698e+07	3200
256	2.30548e+07	791480	2.2087e+07	2.4455e+07	25600
512	1.66747e+07	668859	1.6028e+07	1.7623e+07	51200


# results for TS_from_P3ME_Interpolate_Control
32	8.8267e+07	1.99205e+06	8.5586e+07	9.1982e+07	3200
256	2.30554e+07	801702	2.1988e+07	2.4631e+07	25600
512	1.66756e+07	684821	1.5916e+07	1.7681e+07	51200


# results for TS_from_P3ME_Rev_FFT
32	8.82659e+07	1.97325e+06	8.5651e+07	9.1946e+07	3200
256	2.30551e+07	808815	2.2014e+07	2.4569e+07	25600
512	1.66757e+07	688149	1.5983e+07	1.7673e+07	51200


# results for TS_from_ReduceForces_Cntl
32	8.8267e+07	1.99207e+06	8.5589e+07	9.1988e+07	3200
256	2.30554e+07	802312	2.1983e+07	2.4632e+07	25600
512	1.66756e+07	684842	1.5915e+07	1.7681e+07	51200


# results for TS_from_UDF_KineticEnergy
32	8.82667e+07	1.96781e+06	8.6042e+07	9.1553e+07	3200
256	2.30551e+07	818962	2.1561e+07	2.501e+07	25600
512	1.66761e+07	686456	1.6043e+07	1.7584e+07	51200


# results for TS_from_UDF_StdHarmonicBondForce
32	8.82133e+07	1.95567e+06	8.6014e+07	9.1545e+07	3200
256	2.30384e+07	792004	2.2074e+07	2.4262e+07	25600
512	1.66609e+07	683350	1.6046e+07	1.758e+07	51200


# results for TS_from_UDF_UpdatePosition
32	8.82356e+07	1.95357e+06	8.6037e+07	9.1559e+07	3168
256	2.30454e+07	817211	2.1561e+07	2.5011e+07	25344
512	1.6667e+07	683930	1.6043e+07	1.7586e+07	50688


# results for TS_from_UDF_UpdateVelocity
32	4.43058e+07	4.00068e+07	3.913e+06	8.7607e+07	7328
256	1.15752e+07	1.09477e+07	470000	2.4524e+07	58624
512	8.37146e+06	8.00802e+06	192000	1.7387e+07	117248


# results for TS_from_UDF_WaterSPCRattle
32	8.82871e+07	1.96707e+06	8.6046e+07	9.1548e+07	3168
256	2.30619e+07	820019	2.156e+07	2.501e+07	25344
512	1.66824e+07	687043	1.6065e+07	1.7583e+07	50688


# results for TS_from_UDF_WaterSPCShake
32	8.82356e+07	1.95354e+06	8.6042e+07	9.1553e+07	3168
256	2.30454e+07	817193	2.156e+07	2.5009e+07	25344
512	1.6667e+07	683932	1.6043e+07	1.7584e+07	50688


