# Statistics for grouped trace points from trace_group_id 38
# column 1: node count
# column 2: average
# column 3: std. dev
# column 4: min()
# column 5: max()
# column 6: minDev (deviation from average value computed for each ts)
# column 7: maxDev (deviation from average value computed for each ts)
# column 8: count()


# Index 0: Results for GlobalizePositions_Cntl
32 	2.81237e+06 	518861 	2.606e+06 	5.608e+06 	-398312 	262657 	3200
128 	1.77933e+06 	701314 	1.5e+06 	5.42e+06 	-326406 	201516 	12800
512 	779440 	134038 	699000 	1.467e+06 	-130826 	101174 	51200
1024 	1.44744e+06 	228479 	1.191e+06 	2.643e+06 	-262413 	236151 	102400
2048 	1.61756e+06 	259210 	1.395e+06 	2.734e+06 	-193707 	167293 	204800
4096 	3.08048e+06 	534357 	2.585e+06 	5.656e+06 	-490706 	384031 	409600


# Index 1: Results for GuardZoneViolationReduction
32 	517751 	170751 	177000 	1.118e+06 	-389063 	543032 	3200
128 	331261 	103483 	55000 	1.098e+06 	-412039 	624961 	12800
512 	259751 	71045.4 	23000 	746000 	-322627 	443814 	51200
1024 	365727 	111445 	21000 	1.036e+06 	-479276 	534724 	102400
2048 	478800 	117464 	19000 	1.822e+06 	-781197 	1.06999e+06 	204800
4096 	614445 	313680 	17000 	3.404e+06 	-784804 	2.61114e+06 	409600


# Index 2: Results for MPI_Alltoallv_Setup
32 	2.37857e+16 	NaNQ 	-1.28151e+13 	3.45988e+18 	-1.0813e+17 	3.35176e+18 	3200
128 	5.94785e+15 	NaNQ 	-1.45267e+13 	3.46072e+18 	-2.70504e+16 	3.43368e+18 	12800
512 	1.48836e+15 	NaNQ 	-6.35376e+11 	3.46383e+18 	-6.76592e+15 	3.45707e+18 	51200
1024 	7.45208e+14 	NaNQ 	-1.08182e+12 	3.46862e+18 	-3.38839e+15 	3.46523e+18 	102400
2048 	7.47315e+14 	NaNQ 	-9.94238e+12 	3.47847e+18 	-3.40683e+15 	3.47507e+18 	204800
4096 	6.88018e+14 	NaNQ 	-1.75673e+12 	3.52266e+18 	-3.44185e+15 	3.52008e+18 	409600


# Index 3: Results for P2_InitialBarrier
32 	0 	0 	0 	0 	0 	0 	3200
128 	0 	0 	0 	0 	0 	0 	12800
512 	6.69764e+15 	NaNQ 	0 	3.46383e+18 	-6.7653e+15 	3.45707e+18 	51200
1024 	3.35345e+15 	NaNQ 	0 	3.46862e+18 	-3.38732e+15 	3.46523e+18 	102400
2048 	1.68149e+15 	NaNQ 	0 	3.47847e+18 	-1.69847e+15 	3.47677e+18 	204800
4096 	8.42716e+14 	NaNQ 	0 	3.48663e+18 	-8.51228e+14 	3.48578e+18 	409600


# Index 4: Results for P2_KSpace_Control
32 	2.5096e+07 	1.29658e+06 	2.1962e+07 	2.8111e+07 	-2.92919e+06 	1.17016e+06 	3200
128 	8.95426e+06 	514348 	7.2e+06 	1.0242e+07 	-1.61238e+06 	492555 	12800
512 	2.79233e+06 	185022 	2.189e+06 	3.348e+06 	-580562 	207100 	51200
1024 	2.20877e+06 	147127 	1.725e+06 	2.989e+06 	-485533 	454725 	102400
2048 	1.66969e+06 	123287 	1.289e+06 	2.313e+06 	-381179 	329119 	204800
4096 	1.78628e+06 	127770 	1.383e+06 	2.756e+06 	-495464 	580536 	409600


# Index 5: Results for P2_NSQ_Control
32 	145714 	544842 	17001 	2.926e+06 	-161405 	132563 	3200
128 	82002.7 	289706 	17000 	1.638e+06 	-204578 	139422 	12800
512 	43672.7 	116372 	17000 	713000 	-152605 	101129 	51200
1024 	43300.4 	116680 	16000 	744000 	-234905 	132306 	102400
2048 	34665.2 	76078.9 	17000 	532000 	-165924 	129844 	204800
4096 	31383.5 	61085.4 	16000 	409000 	-134106 	79894.3 	409600


# Index 6: Results for P2_Simtick_Loop_Control
# 4096 	9.03726e+06 	1.5515e+06 	7.146e+06 	1.8296e+07 	-2.57116e+06 	1.83481e+06 	409600
32 	1.01103e+08 	2.77268e+07 	9.393e+07 	2.37497e+08 	-482624 	306376 	3200
128 	2.88432e+07 	8.61239e+06 	2.634e+07 	7.1209e+07 	-445461 	378648 	12800
512 	9.17152e+06 	2.42086e+06 	8.468e+06 	2.1303e+07 	-238213 	234125 	51200
1024 	7.54428e+06 	2.08468e+06 	6.784e+06 	1.8201e+07 	-394189 	358246 	102400
2048 	6.06675e+06 	1.51381e+06 	5.305e+06 	1.4018e+07 	-866832 	645044 	204800


# Index 7: Results for P3ME_AssignCharge_Control
32 	6.44736e+06 	12794.8 	6.193e+06 	6.755e+06 	-242250 	314032 	3200
128 	1.76905e+06 	61131.2 	1.616e+06 	1.994e+06 	-149820 	229758 	12800
512 	514734 	30346.1 	425000 	614000 	-91052.7 	98011.7 	51200
1024 	307544 	20529.9 	241000 	380000 	-68419.9 	73703.1 	102400
2048 	185913 	14861.6 	128000 	254000 	-55983.9 	68116.7 	204800
4096 	127310 	11594.4 	78000 	170000 	-46184.8 	43183.6 	409600


# Index 8: Results for P3ME_BuildFragmentList
32 	211110 	560793 	3999 	1.913e+06 	-48500.1 	50499.9 	3200
128 	102446 	266768 	4000 	974000 	-50882.8 	52359.4 	12800
512 	53336.7 	134273 	3000 	494000 	-35408.2 	42755.9 	51200
1024 	44786.1 	111343 	3000 	424000 	-42643.6 	50400.4 	102400
2048 	36228.2 	87406.1 	3000 	334000 	-36304.2 	51658.7 	204800
4096 	31519.8 	74772.1 	3000 	296000 	-37183.3 	50931.2 	409600


# Index 9: Results for P3ME_Convolve
32 	1.36094e+06 	NaNQ 	1.323e+06 	1.42e+06 	-32406.4 	19125.9 	3200
128 	231315 	NaNQ 	230000 	243000 	-4437.5 	6585.94 	12800
512 	51374.8 	657.358 	50000 	55000 	-1484.38 	3613.28 	51200
1024 	29507.8 	820.297 	27000 	33000 	-2548.83 	3618.16 	102400
2048 	16406.9 	499.847 	16000 	19000 	-494.141 	2681.64 	204800
4096 	10958.1 	297.65 	10000 	12000 	-1018.07 	1147.22 	409600


# Index 10: Results for P3ME_ForwardFFT_Control
32 	8.00964e+06 	1.34442e+06 	4.907e+06 	9.518e+06 	-3.07628e+06 	1.40684e+06 	3200
128 	3.70993e+06 	501838 	1.942e+06 	4.326e+06 	-1.8421e+06 	554531 	12800
512 	1.26219e+06 	160560 	602000 	1.485e+06 	-704350 	296254 	51200
1024 	1.02661e+06 	108229 	511000 	1.478e+06 	-560790 	467706 	102400
2048 	778690 	76077.9 	453000 	1.2e+06 	-417675 	360281 	204800
4096 	931854 	98204.7 	547000 	1.683e+06 	-510093 	585209 	409600


# Index 11: Results for P3ME_Interpolate_Control
32 	3.364e+06 	NaNQ 	3.224e+06 	3.532e+06 	-127906 	142250 	3200
128 	878865 	30429.1 	803000 	986000 	-71757.8 	111906 	12800
512 	238961 	14773.4 	195000 	287000 	-43285.2 	48927.7 	51200
1024 	143377 	10311.7 	111000 	183000 	-33850.6 	40147.5 	102400
2048 	82399.8 	7295.11 	54000 	119000 	-28174.8 	35964.8 	204800
4096 	57696.3 	5771.53 	34000 	82000 	-23978.5 	24483.2 	409600


# Index 12: Results for P3ME_Rev_FFT
32 	5.6119e+06 	36227.3 	5.428e+06 	5.865e+06 	-173094 	213469 	3200
128 	2.21445e+06 	119221 	1.99e+06 	2.61e+06 	-170977 	319305 	12800
512 	635554 	11427 	596000 	680000 	-38513.7 	40863.3 	51200
1024 	622282 	19095.9 	557000 	682000 	-65443.4 	54406.2 	102400
2048 	536920 	10150.4 	501000 	574000 	-32500 	37430.7 	204800
4096 	593805 	14575.7 	556000 	660000 	-37019.5 	62772.7 	409600


# Index 13: Results for ReduceForces_Cntl
32 	8.31518e+06 	4.29913e+06 	1.923e+06 	4.5216e+07 	-1.75056e+07 	2.2837e+07 	3200
128 	4.47813e+06 	2.16181e+06 	1.427e+06 	2.125e+07 	-7.96038e+06 	8.44711e+06 	12800
512 	2.30407e+06 	636855 	716000 	7.143e+06 	-3.24913e+06 	2.83942e+06 	51200
1024 	2.28504e+06 	568581 	1.234e+06 	6.777e+06 	-2.78312e+06 	1.90957e+06 	102400
2048 	1.53615e+06 	497509 	770000 	5.558e+06 	-2.08468e+06 	1.56851e+06 	204800
4096 	2.91902e+06 	653186 	1.179e+06 	7.596e+06 	-3.72294e+06 	1.81467e+06 	409600


# Index 14: Results for UDF_KineticEnergy
32 	158045 	12208.1 	131999 	180000 	-26125 	21968.7 	3200
128 	37837.8 	5601.04 	23000 	51000 	-16109.4 	12273.4 	12800
512 	12141.8 	1470.91 	6000 	18000 	-6087.89 	5843.75 	51200
1024 	8280.2 	1030.54 	5000 	14000 	-3327.15 	5725.59 	102400
2048 	6568.5 	760.495 	3000 	12000 	-3484.38 	5414.06 	204800
4096 	5514.57 	692.05 	3000 	11000 	-2551.03 	5485.11 	409600


# Index 15: Results for UDF_StdHarmonicBondForce
32 	1.73857e+06 	1.26039e+06 	658999 	4.619e+06 	-1.08062e+06 	2.87797e+06 	3200
128 	447597 	472734 	162000 	2.097e+06 	-285727 	1.64838e+06 	12800
512 	128133 	132731 	44000 	710000 	-84224.6 	581994 	51200
1024 	75504.3 	74256.3 	27000 	449000 	-48456.1 	373580 	102400
2048 	48656.7 	44694.6 	17000 	307000 	-31837.9 	257438 	204800
4096 	34647.9 	28550.3 	17000 	291000 	-18263.2 	256439 	409600


# Index 16: Results for UDF_UpdatePosition
32 	115971 	12117.8 	91999 	135001 	-24125 	19156.3 	3200
128 	23078 	4667.56 	11000 	32000 	-12164.1 	9015.62 	12800
512 	7103.98 	650.215 	5000 	12000 	-2169.92 	4937.5 	51200
1024 	5744.6 	551.638 	4000 	10000 	-1785.16 	4294.92 	102400
2048 	5035.53 	451.01 	3000 	10000 	-2015.62 	4961.91 	204800
4096 	4621.96 	501.638 	3000 	10000 	-1663.82 	5397.71 	409600


# Index 17: Results for UDF_UpdateVelocity
32 	536928 	34048.2 	465999 	605000 	-71406.2 	64529.4 	3200
128 	120383 	15876.4 	68000 	155000 	-52046.9 	25718.8 	12800
512 	34774.7 	4881.95 	16000 	51000 	-18755.9 	15918 	51200
1024 	21480.4 	3186.71 	12000 	35000 	-9500 	13564.5 	102400
2048 	15204.1 	2318.68 	7000 	26000 	-8268.55 	10822.8 	204800
4096 	11931.6 	1849.52 	7000 	23000 	-5014.4 	11084.5 	409600


# Index 18: Results for UDF_WaterTIP3PRattle
32 	884184 	259797 	613000 	1.521e+06 	-270812 	637781 	3200
128 	216948 	96848.9 	133000 	522000 	-85140.6 	304133 	12800
512 	63258.3 	29310.8 	31000 	208000 	-32310.5 	144865 	51200
1024 	37095.9 	17197.5 	15000 	120000 	-22522.5 	82951.2 	102400
2048 	24145.2 	11063.4 	6000 	109000 	-18234.4 	84890.6 	204800
4096 	16845 	7465.32 	6000 	96000 	-11071.3 	79185.5 	409600


# Index 19: Results for UDF_WaterTIP3PShake
32 	1.1715e+06 	96987.8 	971000 	1.336e+06 	-200813 	164532 	3200
128 	289958 	44073.1 	155000 	362000 	-135289 	70179.7 	12800
512 	79566.2 	12944.3 	31000 	118000 	-49335.9 	38652.3 	51200
1024 	46681 	8375.84 	15000 	78000 	-32034.2 	31387.7 	102400
2048 	29608.6 	6449.15 	6000 	56000 	-23947.8 	26431.6 	204800
4096 	20669.1 	5958 	6000 	46000 	-15102.3 	25363.3 	409600


# Index 20: Results for mFragmentMigration
32 	6.05474e+16 	NaNQ 	-4.2717e+12 	3.45991e+18 	-3.24366e+17 	3.24367e+18 	3200
128 	1.48702e+16 	NaNQ 	-4.84223e+12 	3.46075e+18 	-8.1115e+16 	3.40668e+18 	12800
512 	3.78856e+15 	NaNQ 	-2.11791e+11 	3.46383e+18 	-2.02961e+16 	3.4503e+18 	51200
1024 	1.86302e+15 	NaNQ 	-3.60607e+11 	3.46862e+18 	-1.01623e+16 	3.46184e+18 	102400
2048 	9.51135e+14 	NaNQ 	-3.31413e+12 	3.47847e+18 	-5.09869e+15 	3.47508e+18 	204800
4096 	8.99065e+14 	NaNQ 	-8.68069e+18 	8.95231e+18 	-8.6846e+18 	8.9484e+18 	409600
