# Statistics for grouped trace points from trace_group_id 34
# single core runs on 91K system
# column 1: node count
# column 2: average
# column 3: std. dev
# column 4: min()
# column 5: max()
# column 6: minDev (deviation from average value computed for each ts)
# column 7: maxDev (deviation from average value computed for each ts)
# column 8: count()


# Index 0: Results for FatCompVerletListGen
32 	1.0813e+15 	NaNQ 	-9.98187e+11 	3.46017e+18 	-1.08131e+17 	3.35204e+18 	3200
128 	2.70501e+14 	NaNQ 	-6.06942e+11 	3.46242e+18 	-2.70507e+16 	3.43537e+18 	12800
512 	6.779e+13 	NaNQ 	-1.59975e+12 	3.47087e+18 	-6.7806e+15 	3.46409e+18 	51200
1024 	6.80265e+13 	NaNQ 	-2.01405e+12 	3.48297e+18 	-6.80466e+15 	3.47617e+18 	102400
2048 	3.42387e+13 	NaNQ 	-1.20247e+12 	3.50605e+18 	-3.42507e+15 	3.50263e+18 	204800


# Index 1: Results for GlobalizePositions_Cntl
32 	1.08694e+07 	2.19199e+06 	1.0004e+07 	2.1011e+07 	-1.187e+06 	579906 	3200
128 	6.7865e+06 	1.49606e+06 	5.869e+06 	1.4237e+07 	-1.70538e+06 	937656 	12800
512 	1.28323e+06 	231160 	1.151e+06 	2.577e+06 	-333527 	361473 	51200
1024 	2.08003e+06 	429293 	1.719e+06 	4.268e+06 	-669618 	395019 	102400
2048 	1.85804e+06 	339734 	1.511e+06 	3.505e+06 	-414142 	397137 	204800


# Index 2: Results for GuardZoneViolationReduction
32 	2.07008e+06 	1.44369e+06 	641000 	6.934e+06 	-1.77306e+06 	4.45009e+06 	3200
128 	839685 	689513 	180000 	5.055e+06 	-1.2102e+06 	3.6722e+06 	12800
512 	354550 	186513 	57000 	1.599e+06 	-619297 	933666 	51200
1024 	412672 	181934 	35000 	1.707e+06 	-783354 	967033 	102400
2048 	359394 	128518 	25000 	1.345e+06 	-658729 	689003 	204800


# Index 3: Results for MPI_Alltoallv_Setup
32 	81717.2 	283234 	0 	1.575e+06 	-1.11575e+06 	472281 	3200
128 	43258.8 	130897 	0 	1.007e+06 	-343477 	624516 	12800
512 	36091.5 	104222 	0 	577000 	-182160 	221500 	51200
1024 	52862.5 	152471 	0 	847000 	-232092 	311376 	102400
2048 	79438.6 	227969 	0 	1.011e+06 	-239161 	217339 	204800


# Index 4: Results for NSQ_RealSpace_Meat_
32 	3.11664e+08 	NaNQ 	3.05432e+08 	3.17713e+08 	-6.23512e+06 	5.90534e+06 	3200
128 	7.68142e+07 	1.32341e+06 	7.207e+07 	8.1605e+07 	-4.76458e+06 	4.73804e+06 	12800
512 	1.86552e+07 	681951 	1.579e+07 	2.1589e+07 	-2.86812e+06 	2.87433e+06 	51200
1024 	9.18734e+06 	490089 	7.235e+06 	1.1208e+07 	-1.95608e+06 	1.98572e+06 	102400
2048 	4.54439e+06 	295341 	3.462e+06 	5.841e+06 	-1.08762e+06 	1.29485e+06 	204800


# Index 5: Results for P2_InitialBarrier
32 	0 	0 	0 	0 	0 	0 	3200
128 	0 	0 	0 	0 	0 	0 	12800
512 	0 	0 	0 	0 	0 	0 	51200
1024 	0 	0 	0 	0 	0 	0 	102400
2048 	1.68271e+15 	NaNQ 	0 	3.481e+18 	-1.69971e+15 	3.4793e+18 	204800


# Index 6: Results for P2_KSpace_Control
32 	1.47446e+08 	2.98414e+07 	1.32202e+08 	3.92688e+08 	-1.29768e+08 	1.27743e+08 	3200
128 	5.23228e+07 	8.44277e+06 	4.3265e+07 	1.65645e+08 	-3.83281e+07 	8.2938e+07 	12800
512 	1.25453e+07 	1.96404e+06 	9.464e+06 	2.9289e+07 	-1.0169e+07 	8.77898e+06 	51200
1024 	8.20133e+06 	1.19791e+06 	6.152e+06 	1.783e+07 	-6.14491e+06 	4.93099e+06 	102400
2048 	5.49069e+06 	946432 	4.031e+06 	1.2312e+07 	-4.69065e+06 	3.04727e+06 	204800


# Index 7: Results for P2_NSQ_Control
32 	3.83383e+08 	2.47383e+08 	3.05445e+08 	1.57808e+09 	-1.31303e+08 	1.31708e+08 	3200
128 	9.35708e+07 	5.81134e+07 	7.2116e+07 	3.82181e+08 	-8.58791e+07 	3.84623e+07 	12800
512 	2.0815e+07 	7.06251e+06 	1.5799e+07 	6.0637e+07 	-9.18206e+06 	9.79394e+06 	51200
1024 	1.0424e+07 	4.08903e+06 	7.244e+06 	3.3792e+07 	-5.4346e+06 	5.99967e+06 	102400
2048 	5.29295e+06 	2.53324e+06 	3.472e+06 	2.0486e+07 	-2.91668e+06 	4.39865e+06 	204800


# Index 8: Results for P2_Simtick_Loop_Control
32 	5.67451e+08 	2.78633e+08 	4.86205e+08 	1.77579e+09 	-951406 	2.39287e+06 	3200
128 	1.62851e+08 	6.82129e+07 	1.42628e+08 	4.60102e+08 	-1.52283e+06 	2.37736e+06 	12800
512 	3.70972e+07 	9.27179e+06 	3.3924e+07 	7.7883e+07 	-498355 	641645 	51200
1024 	2.36389e+07 	5.89112e+06 	2.1303e+07 	5.0147e+07 	-711928 	755072 	102400
2048 	1.496e+07 	3.88669e+06 	1.3471e+07 	3.2368e+07 	-625502 	498524 	204800


# Index 9: Results for P3ME_AssignCharge_Control
32 	2.32262e+07 	NaNQ 	2.2706e+07 	2.4057e+07 	-499750 	832719 	3200
128 	6.10212e+06 	129687 	5.767e+06 	6.55e+06 	-330320 	454062 	12800
512 	1.63913e+06 	58067.5 	1.491e+06 	1.871e+06 	-147559 	233832 	51200
1024 	867579 	39691.8 	737000 	1.028e+06 	-129068 	162285 	102400
2048 	464517 	28096.3 	352000 	584000 	-109689 	113275 	204800


# Index 10: Results for P3ME_BuildFragmentList
32 	1.04514e+06 	2.09282e+06 	3999 	6.119e+06 	-118125 	91312.5 	3200
128 	426615 	851475 	4000 	2.694e+06 	-86179.7 	162844 	12800
512 	156978 	307353 	3000 	972000 	-61638.7 	84361.3 	51200
1024 	122064 	237767 	3000 	812000 	-99674.8 	111515 	102400
2048 	85223.2 	164166 	3000 	560000 	-94803.2 	85196.8 	204800


# Index 11: Results for P3ME_Convolve
32 	1.15768e+07 	NaNQ 	1.1573e+07 	1.1621e+07 	-3843.75 	44250 	3200
128 	2.79214e+06 	NaNQ 	2.787e+06 	2.879e+06 	-4953.12 	86765.6 	12800
512 	469373 	1883.16 	464000 	487000 	-5203.12 	5804.69 	51200
1024 	243528 	1249.1 	241000 	257000 	-5333.01 	9716.8 	102400
2048 	113245 	1779.87 	107000 	123000 	-6226.07 	9049.8 	204800


# Index 12: Results for P3ME_ForwardFFT_Control
32 	5.3813e+07 	2.89403e+07 	3.851e+07 	2.94833e+08 	-1.28782e+08 	1.28465e+08 	3200
128 	2.28533e+07 	8.15945e+06 	1.2903e+07 	1.34061e+08 	-3.76377e+07 	8.30046e+07 	12800
512 	6.02969e+06 	1.80295e+06 	3.047e+06 	2.1907e+07 	-1.00931e+07 	8.69491e+06 	51200
1024 	3.97858e+06 	1.07051e+06 	2.004e+06 	1.2966e+07 	-6.00851e+06 	4.85485e+06 	102400
2048 	2.83035e+06 	850301 	1.444e+06 	9.302e+06 	-4.71678e+06 	3.10564e+06 	204800


# Index 13: Results for P3ME_Interpolate_Control
32 	1.27168e+07 	NaNQ 	1.2435e+07 	1.3066e+07 	-272156 	353719 	3200
128 	3.29572e+06 	60314.4 	3.102e+06 	3.5e+06 	-188297 	208742 	12800
512 	854928 	29870.2 	761000 	976000 	-91736.3 	123320 	51200
1024 	427729 	21227.3 	364000 	508000 	-67038.1 	83626 	102400
2048 	220025 	13951 	161000 	274000 	-58365.7 	54795.4 	204800


# Index 14: Results for P3ME_Rev_FFT
32 	4.45549e+07 	345218 	4.3283e+07 	4.6824e+07 	-1.10597e+06 	1.48756e+06 	3200
128 	1.66413e+07 	797769 	1.5098e+07 	1.8738e+07 	-1.11032e+06 	1.80468e+06 	12800
512 	3.3374e+06 	9189.91 	3.268e+06 	3.428e+06 	-62800.8 	89156.2 	51200
1024 	2.51537e+06 	52743.9 	2.355e+06 	2.78e+06 	-189865 	238016 	102400
2048 	1.73786e+06 	38469.7 	1.604e+06 	1.904e+06 	-134476 	159154 	204800


# Index 15: Results for ReduceForces_Cntl
32 	8.28338e+06 	2.66611e+06 	6.828e+06 	2.0689e+07 	-1.60509e+06 	787906 	3200
128 	5.36115e+06 	1.66663e+06 	4.098e+06 	1.3498e+07 	-1.99055e+06 	901445 	12800
512 	1.09847e+06 	252540 	723000 	2.678e+06 	-564365 	524705 	51200
1024 	1.97165e+06 	403881 	1.427e+06 	4.33e+06 	-732896 	668452 	102400
2048 	1.62382e+06 	225770 	1.267e+06 	3.141e+06 	-558978 	603560 	204800


# Index 16: Results for UDF_KineticEnergy
32 	598223 	35053.6 	507000 	642000 	-91000 	43531.2 	3200
128 	155823 	15243.9 	96000 	173000 	-59976.6 	17320.3 	12800
512 	35682.4 	4688.56 	18000 	51000 	-17646.5 	15339.8 	51200
1024 	19264.5 	2271.44 	10000 	26000 	-9286.13 	6751.95 	102400
2048 	11875.5 	1350.26 	7000 	16000 	-4988.28 	4215.33 	204800


# Index 17: Results for UDF_StdHarmonicBondForce
32 	5.07652e+06 	3.25115e+06 	2.678e+06 	1.4159e+07 	-2.39916e+06 	9.08519e+06 	3200
128 	1.27833e+06 	1.292e+06 	646000 	6.369e+06 	-632828 	5.0902e+06 	12800
512 	330896 	353988 	157000 	1.867e+06 	-173920 	1.53313e+06 	51200
1024 	175438 	186749 	77000 	1.111e+06 	-98532.2 	933852 	102400
2048 	97957.6 	101207 	42000 	641000 	-56680.2 	543121 	204800


# Index 18: Results for UDF_UpdatePosition
32 	447185 	24758.4 	383000 	480000 	-64531.2 	32687.5 	3200
128 	116106 	10593.7 	72000 	129000 	-44187.5 	12960.9 	12800
512 	20818.1 	3417.72 	12000 	32000 	-8898.44 	11277.3 	51200
1024 	9853.16 	671.254 	7000 	13000 	-2865.23 	2913.09 	102400
2048 	7092.13 	552.164 	5000 	9000 	-2118.16 	1938.48 	204800


# Index 19: Results for UDF_UpdateVelocity
32 	2.09417e+06 	116502 	1.789e+06 	2.241e+06 	-306125 	145969 	3200
128 	537914 	52941.1 	324000 	603000 	-213836 	63046.9 	12800
512 	117664 	14441.9 	59000 	150000 	-59084 	30636.7 	51200
1024 	60527.7 	7636.45 	31000 	85000 	-29623 	22528.3 	102400
2048 	33885.2 	4333.2 	19000 	49000 	-15636.7 	15147.9 	204800


# Index 20: Results for UDF_WaterTIP3PInit
32 	1.60788e+18 	NaNQ 	0 	5.77467e+18 	-1.62413e+18 	4.15054e+18 	3200
128 	2.87231e+18 	NaNQ 	-2.14287e+13 	3.53685e+18 	-2.90134e+18 	6.35528e+17 	12800
512 	5.7737e+18 	NaNQ 	0 	6.10633e+18 	-5.83202e+18 	2.74308e+17 	51200
1024 	-5.86946e+18 	NaNQ 	-6.06497e+18 	1.267e+06 	-1.36225e+17 	5.92874e+18 	102400
2048 	6.7983e+18 	NaNQ 	0 	6.94497e+18 	-6.86697e+18 	7.79952e+16 	204800


# Index 21: Results for UDF_WaterTIP3PRattle
32 	2.31311e+06 	365756 	1.376e+06 	2.648e+06 	-937156 	334250 	3200
128 	587189 	148298 	58000 	709000 	-532953 	115883 	12800
512 	137990 	36917.8 	4000 	186000 	-137242 	44912.1 	51200
1024 	73166.7 	19895.6 	4000 	107000 	-70774.4 	32225.6 	102400
2048 	40974.3 	10876.8 	4000 	64000 	-37674.8 	22325.2 	204800


# Index 22: Results for UDF_WaterTIP3PShake
32 	4.44856e+06 	708272 	2.631e+06 	5.101e+06 	-1.81797e+06 	652594 	3200
128 	1.12341e+06 	282538 	111000 	1.342e+06 	-1.01248e+06 	218523 	12800
512 	273680 	76867 	4000 	374000 	-271322 	100328 	51200
1024 	136300 	38548.8 	4000 	198000 	-133189 	60832 	102400
2048 	74030.4 	21092.8 	4000 	116000 	-70395.5 	41669.9 	204800


# Index 23: Results for mFragmentMigration
32 	1.08253e+15 	NaNQ 	-5.06057e+11 	3.46411e+18 	-1.08254e+17 	3.35586e+18 	3200
128 	2.71733e+14 	NaNQ 	-3.05428e+11 	3.47819e+18 	-2.71736e+16 	3.45101e+18 	12800
512 	1.38032e+14 	NaNQ 	-8.00297e+11 	3.53364e+18 	-1.3804e+16 	3.51983e+18 	51200
1024 	3.52392e+13 	NaNQ 	-1.00729e+12 	3.60851e+18 	-3.52493e+15 	3.60499e+18 	102400
2048 	1.83467e+13 	NaNQ 	-6.01405e+11 	3.75741e+18 	-1.83527e+15 	3.75557e+18 	204800
