# MPI implementation of volumetric FFT using collectives
# column 1: NX
# column 2: NY
# column 3: NZ
# column 4: p
# column 5: execution time (seconds)
32 32 32 1    0.009652
32 32 32 2    0.005558
32 32 32 4    0.003539
32 32 32 8    0.002677
32 32 32 16   0.001420 
32 32 32 32   0.000787 
32 32 32 64   0.000584
32 32 32 128  0.000395
32 32 32 256   0.000382
32 32 32 512   0.000364
# 32 32 32 1024


64 64 64 1 0.104384
64 64 64 2 0.059486
64 64 64 4 0.033774
64 64 64 8 0.023645
64 64 64 16 0.011243 
64 64 64 32  0.005913
64 64 64 64  0.003217
64 64 64 128  0.001894
64 64 64 256 0.001214
64 64 64 512  0.001114
64 64 64 1024   0.001355
